[gd_scene load_steps=3 format=3]

[ext_resource type="PackedScene" path="res://route_markerSIMPLE.tscn" id="1_t4rvv"]
[ext_resource type="PackedScene" path="res://route_marker_blue.tscn" id="2_bkok3"]

[node name="RouteContainer" type="Node3D"]

[node name="RouteMarker" type="Node3D" parent="." instance=ExtResource("1_t4rvv")]
transform = Transform3D(0.999866, -0.000143601, 0.016393, 0, 0.999962, 0.00875953, -0.0163937, -0.00875835, 0.999827, 2.47649, 0.2, 21.5512)

[node name="@Node3D@2" type="Node3D" parent="." instance=ExtResource("1_t4rvv")]
transform = Transform3D(0.999013, -6.10781e-05, 0.0444148, 0, 0.999999, 0.00137517, -0.0444149, -0.00137382, 0.999012, 2.4714, 0.197278, 21.2405)

[node name="@Node3D@3" type="Node3D" parent="." instance=ExtResource("1_t4rvv")]
transform = Transform3D(0.982616, 0.00049184, 0.185647, 0, 0.999996, -0.00264932, -0.185648, 0.00260326, 0.982613, 2.44922, 0.199156, 20.9378)

[node name="@Node3D@4" type="Node3D" parent="." instance=ExtResource("1_t4rvv")]
transform = Transform3D(0.966845, -0.000109369, 0.255365, 0, 1, 0.000428285, -0.255365, -0.000414085, 0.966844, 2.35835, 0.198891, 20.6421)

[node name="@Node3D@5" type="Node3D" parent="." instance=ExtResource("1_t4rvv")]
transform = Transform3D(0.974258, 0, 0.225434, 0, 1, 0, -0.225434, 0, 0.974258, 2.29142, 0.198891, 20.3404)

[node name="@Node3D@6" type="Node3D" parent="." instance=ExtResource("1_t4rvv")]
transform = Transform3D(0.973965, 0, 0.226701, 0, 1, 0, -0.226701, 0, 0.973965, 2.21739, 0.198891, 20.033)

[node name="@Node3D@7" type="Node3D" parent="." instance=ExtResource("1_t4rvv")]
transform = Transform3D(0.960034, 0, 0.279882, 0, 1, 0, -0.279882, 0, 0.960034, 2.1516, 0.198891, 19.7396)

[node name="@Node3D@8" type="Node3D" parent="." instance=ExtResource("1_t4rvv")]
transform = Transform3D(0.93386, 0, 0.357639, 0, 1, 0, -0.357639, 0, 0.93386, 2.04919, 0.198891, 19.456)

[node name="@Node3D@9" type="Node3D" parent="." instance=ExtResource("1_t4rvv")]
transform = Transform3D(0.920616, 0, 0.39047, 0, 1, 0, -0.39047, 0, 0.920616, 1.93535, 0.198891, 19.175)

[node name="@Node3D@10" type="Node3D" parent="." instance=ExtResource("1_t4rvv")]
transform = Transform3D(0.918557, 0, 0.395288, 0, 1, 0, -0.395288, 0, 0.918557, 1.8116, 0.198891, 18.8958)

[node name="@Node3D@11" type="Node3D" parent="." instance=ExtResource("1_t4rvv")]
transform = Transform3D(0.900486, 0, 0.434885, 0, 1, 0, -0.434885, 0, 0.900486, 1.69402, 0.198891, 18.6142)

[node name="@Node3D@12" type="Node3D" parent="." instance=ExtResource("1_t4rvv")]
transform = Transform3D(0.856006, 0, 0.516965, 0, 1, 0, -0.516965, 0, 0.856006, 1.54612, 0.198891, 18.3461)

[node name="@Node3D@13" type="Node3D" parent="." instance=ExtResource("1_t4rvv")]
transform = Transform3D(0.823102, 0, 0.567893, 0, 1, 0, -0.567893, 0, 0.823102, 1.37667, 0.198891, 18.0887)

[node name="@Node3D@14" type="Node3D" parent="." instance=ExtResource("1_t4rvv")]
transform = Transform3D(0.818895, -0.000683938, 0.573943, 0, 0.999999, 0.00119165, -0.573944, -0.000975833, 0.818894, 1.19522, 0.198891, 17.8375)

[node name="@Node3D@15" type="Node3D" parent="." instance=ExtResource("1_t4rvv")]
transform = Transform3D(0.842155, 0.000418437, 0.539236, 0, 1, -0.000775981, -0.539236, 0.000653496, 0.842154, 1.02243, 0.198156, 17.5833)

[node name="@Node3D@16" type="Node3D" parent="." instance=ExtResource("1_t4rvv")]
transform = Transform3D(0.862372, 0.00100907, 0.506274, 0, 0.999998, -0.00199313, -0.506275, 0.00171882, 0.86237, 0.86666, 0.199364, 17.3244)

[node name="@Node3D@17" type="Node3D" parent="." instance=ExtResource("1_t4rvv")]
transform = Transform3D(0.853359, 0, 0.521324, 0, 1, 0, -0.521324, 0, 0.853359, 0.715505, 0.199364, 17.0605)

[node name="@Node3D@18" type="Node3D" parent="." instance=ExtResource("1_t4rvv")]
transform = Transform3D(0.845399, 0, 0.534135, 0, 1, 0, -0.534135, 0, 0.845399, 0.548122, 0.199364, 16.803)

[node name="@Node3D@19" type="Node3D" parent="." instance=ExtResource("1_t4rvv")]
transform = Transform3D(0.862055, 0, 0.506815, 0, 1, 0, -0.506815, 0, 0.862055, 0.387151, 0.199364, 16.5408)

[node name="@Node3D@20" type="Node3D" parent="." instance=ExtResource("1_t4rvv")]
transform = Transform3D(0.911968, 0, 0.410261, 0, 1, 0, -0.410261, 0, 0.911968, 0.236559, 0.199364, 16.273)

[node name="@Node3D@21" type="Node3D" parent="." instance=ExtResource("1_t4rvv")]
transform = Transform3D(0.962854, 0, 0.270024, 0, 1, 0, -0.270024, 0, 0.962854, 0.138585, 0.199364, 15.9882)

[node name="@Node3D@22" type="Node3D" parent="." instance=ExtResource("1_t4rvv")]
transform = Transform3D(0.867391, 0, 0.497627, 0, 1, 0, -0.497627, 0, 0.867391, 0.0738549, 0.199364, 15.6929)

[node name="@Node3D@23" type="Node3D" parent="." instance=ExtResource("1_t4rvv")]
transform = Transform3D(-0.152075, 0, 0.988369, 0, 1, 0, -0.988369, 0, -0.152075, -0.15007, 0.199364, 15.4851)

[node name="@Node3D@24" type="Node3D" parent="." instance=ExtResource("1_t4rvv")]
transform = Transform3D(-0.893117, 0, 0.449824, 0, 1, 0, -0.449824, 0, -0.893117, -0.300494, 0.199364, 15.7505)

[node name="@Node3D@25" type="Node3D" parent="." instance=ExtResource("1_t4rvv")]
transform = Transform3D(-0.864124, 0, 0.503279, 0, 1, 0, -0.503279, 0, -0.864124, -0.429151, 0.199364, 16.0392)

[node name="@Node3D@26" type="Node3D" parent="." instance=ExtResource("1_t4rvv")]
transform = Transform3D(-0.777917, -0.00139566, 0.628365, 0, 0.999998, 0.00222109, -0.628367, 0.00172782, -0.777916, -0.608863, 0.199364, 16.2799)

[node name="@Node3D@27" type="Node3D" parent="." instance=ExtResource("1_t4rvv")]
transform = Transform3D(-0.808532, -0.00128772, 0.58845, 0, 0.999998, 0.00218831, -0.588452, 0.00176932, -0.808531, -0.816487, 0.197995, 16.5187)

[node name="@Node3D@28" type="Node3D" parent="." instance=ExtResource("1_t4rvv")]
transform = Transform3D(-0.8904, 0, 0.455179, 0, 1, 0, -0.455179, 0, -0.8904, -0.977027, 0.197995, 16.7858)

[node name="@Node3D@29" type="Node3D" parent="." instance=ExtResource("1_t4rvv")]
transform = Transform3D(-0.897159, 0, 0.441707, 0, 1, 0, -0.441707, 0, -0.897159, -1.09978, 0.197995, 17.0729)

[node name="@Node3D@30" type="Node3D" parent="." instance=ExtResource("1_t4rvv")]
transform = Transform3D(-0.859829, 0, 0.510583, 0, 1, 0, -0.510583, 0, -0.859829, -1.25538, 0.197995, 17.3512)

[node name="@Node3D@31" type="Node3D" parent="." instance=ExtResource("1_t4rvv")]
transform = Transform3D(-0.865863, 0, 0.500281, 0, 1, 0, -0.500281, 0, -0.865863, -1.41803, 0.197995, 17.6088)

[node name="@Node3D@32" type="Node3D" parent="." instance=ExtResource("1_t4rvv")]
transform = Transform3D(-0.936797, 0, 0.349874, 0, 1, 0, -0.349874, 0, -0.936797, -1.5584, 0.197995, 17.8756)

[node name="@Node3D@33" type="Node3D" parent="." instance=ExtResource("1_t4rvv")]
transform = Transform3D(-0.984489, 0, 0.175446, 0, 1, 0, -0.175446, 0, -0.984489, -1.63317, 0.197995, 18.1849)

[node name="@Node3D@34" type="Node3D" parent="." instance=ExtResource("1_t4rvv")]
transform = Transform3D(-0.996468, 0, 0.083974, 0, 1, 0, -0.083974, 0, -0.996468, -1.66756, 0.197995, 18.4882)

[node name="@Node3D@35" type="Node3D" parent="." instance=ExtResource("1_t4rvv")]
transform = Transform3D(-0.999136, 0, 0.0415657, 0, 1, 0, -0.0415657, 0, -0.999136, -1.68478, 0.197995, 18.7973)

[node name="@Node3D@36" type="Node3D" parent="." instance=ExtResource("1_t4rvv")]
transform = Transform3D(-0.999786, 0, 0.0206863, 0, 1, 0, -0.0206863, 0, -0.999786, -1.6934, 0.197995, 19.1093)

[node name="@Node3D@37" type="Node3D" parent="." instance=ExtResource("1_t4rvv")]
transform = Transform3D(-0.999947, 0, 0.0103364, 0, 1, 0, -0.0103364, 0, -0.999947, -1.69772, 0.197995, 19.4227)

[node name="@Node3D@38" type="Node3D" parent="." instance=ExtResource("1_t4rvv")]
transform = Transform3D(-0.998261, 6.29739e-06, 0.0589548, 0, 1, -0.000106817, -0.0589548, -0.000106632, -0.998261, -1.69988, 0.197995, 19.737)

[node name="@Node3D@39" type="Node3D" parent="." instance=ExtResource("1_t4rvv")]
transform = Transform3D(-0.994575, 1.12005e-05, 0.104026, 0, 1, -0.00010767, -0.104026, -0.000107086, -0.994575, -1.7343, 0.198061, 20.0422)

[node name="@Node3D@40" type="Node3D" parent="." instance=ExtResource("1_t4rvv")]
transform = Transform3D(-0.994729, 0, 0.102537, 0, 1, 0, -0.102537, 0, -0.994729, -1.76392, 0.198061, 20.3492)

[node name="@Node3D@41" type="Node3D" parent="." instance=ExtResource("1_t4rvv")]
transform = Transform3D(-0.971697, 0.000247773, 0.236232, 0, 0.999999, -0.00104885, -0.236232, -0.00101916, -0.971696, -1.79748, 0.198061, 20.6551)

[node name="@Node3D@42" type="Node3D" parent="." instance=ExtResource("1_t4rvv")]
transform = Transform3D(-0.898764, 0.000461314, 0.438432, 0, 0.999999, -0.00105219, -0.438432, -0.000945672, -0.898764, -1.9063, 0.198693, 20.9348)

[node name="@Node3D@43" type="Node3D" parent="." instance=ExtResource("1_t4rvv")]
transform = Transform3D(0.0467869, 0.000866429, 0.998905, 0, 1, -0.000867379, -0.998905, 4.0582e-05, 0.0467869, -2.06088, 0.198693, 21.1951)

[node name="@Node3D@44" type="Node3D" parent="." instance=ExtResource("1_t4rvv")]
transform = Transform3D(0.994682, 9.86047e-05, 0.102998, 0, 1, -0.000957347, -0.102998, 0.000952255, 0.994681, -2.19388, 0.198943, 20.9214)

[node name="@Node3D@45" type="Node3D" parent="." instance=ExtResource("1_t4rvv")]
transform = Transform3D(0.96621, -0.000124912, -0.257755, 0, 1, -0.000484615, 0.257755, 0.00046824, 0.96621, -2.11971, 0.19924, 20.627)

[node name="@Node3D@46" type="Node3D" parent="." instance=ExtResource("1_t4rvv")]
transform = Transform3D(0.921381, 0, -0.388661, 0, 1, 0, 0.388661, 0, 0.921381, -2.0359, 0.19924, 20.3292)

[node name="@Node3D@47" type="Node3D" parent="." instance=ExtResource("1_t4rvv")]
transform = Transform3D(0.902593, 0, -0.430495, 0, 1, 0, 0.430495, 0, 0.902593, -1.88243, 0.19924, 20.0646)

[node name="@Node3D@48" type="Node3D" parent="." instance=ExtResource("1_t4rvv")]
transform = Transform3D(0.95563, 0, -0.294571, 0, 1, 0, 0.294571, 0, 0.95563, -1.7718, 0.19924, 19.7755)

[node name="@Node3D@49" type="Node3D" parent="." instance=ExtResource("1_t4rvv")]
transform = Transform3D(0.8865, 0, -0.462728, 0, 1, 0, 0.462728, 0, 0.8865, -1.69883, 0.19924, 19.4689)

[node name="@Node3D@50" type="Node3D" parent="." instance=ExtResource("1_t4rvv")]
transform = Transform3D(0.544745, 0.00129942, -0.8386, 0, 0.999999, 0.00154951, 0.838601, -0.000844089, 0.544745, -1.49436, 0.19924, 19.2439)

[node name="@Node3D@51" type="Node3D" parent="." instance=ExtResource("1_t4rvv")]
transform = Transform3D(0.23036, 0.0014637, -0.973104, 0, 0.999999, 0.00150415, 0.973105, -0.000346496, 0.23036, -1.19783, 0.198314, 19.1435)

[node name="@Node3D@52" type="Node3D" parent="." instance=ExtResource("1_t4rvv")]
transform = Transform3D(0.100271, -0.00252622, -0.994957, 0, 0.999997, -0.00253901, 0.99496, 0.000254589, 0.100271, -0.895473, 0.198314, 19.1022)

[node name="@Node3D@53" type="Node3D" parent="." instance=ExtResource("1_t4rvv")]
transform = Transform3D(0.050814, -0.00253215, -0.998705, 0, 0.999997, -0.00253543, 0.998708, 0.000128835, 0.0508139, -0.578342, 0.199895, 19.0811)

[node name="@Node3D@54" type="Node3D" parent="." instance=ExtResource("1_t4rvv")]
transform = Transform3D(0.025757, 0, -0.999668, 0, 1, 0, 0.999668, 0, 0.025757, -0.272771, 0.199895, 19.0705)

[node name="@Node3D@55" type="Node3D" parent="." instance=ExtResource("1_t4rvv")]
transform = Transform3D(-0.0703806, 0, -0.99752, 0, 1, 0, 0.99752, 0, -0.0703806, 0.0374875, 0.199895, 19.0652)

[node name="@Node3D@56" type="Node3D" parent="." instance=ExtResource("1_t4rvv")]
transform = Transform3D(-0.180716, 0, -0.983535, 0, 1, 0, 0.983535, 0, -0.180716, 0.341885, 0.199895, 19.1139)

[node name="@Node3D@57" type="Node3D" parent="." instance=ExtResource("1_t4rvv")]
transform = Transform3D(-0.172066, 0, -0.985085, 0, 1, 0, 0.985085, 0, -0.172066, 0.642905, 0.199895, 19.1764)

[node name="@Node3D@58" type="Node3D" parent="." instance=ExtResource("1_t4rvv")]
transform = Transform3D(-0.104966, 0, -0.994476, 0, 1, 0, 0.994476, 0, -0.104966, 0.947587, 0.199895, 19.2197)

[node name="@Node3D@59" type="Node3D" parent="." instance=ExtResource("1_t4rvv")]
transform = Transform3D(-0.0520706, 0, -0.998643, 0, 1, 0, 0.998643, 0, -0.0520706, 1.2574, 0.199895, 19.2413)

[node name="@Node3D@60" type="Node3D" parent="." instance=ExtResource("1_t4rvv")]
transform = Transform3D(-0.0258848, 0, -0.999665, 0, 1, 0, 0.999665, 0, -0.0258848, 1.56978, 0.199895, 19.2521)

[node name="@Node3D@61" type="Node3D" parent="." instance=ExtResource("1_t4rvv")]
transform = Transform3D(-0.0140451, 0, -0.999901, 0, 1, 0, 0.999901, 0, -0.0140451, 1.88345, 0.199895, 19.2575)

[node name="@Node3D@62" type="Node3D" parent="." instance=ExtResource("2_bkok3")]
transform = Transform3D(0.274921, -0.0316073, -0.960947, 0, 0.99946, -0.032874, 0.961467, 0.00903775, 0.274772, 2.66805, -0.02, 19.1435)

[node name="@Node3D@63" type="Node3D" parent="." instance=ExtResource("2_bkok3")]
transform = Transform3D(0.24197, -0.0157802, -0.970155, 0, 0.999868, -0.0162635, 0.970284, 0.00393528, 0.241938, 2.96034, -0.0100006, 19.0599)

[node name="@Node3D@64" type="Node3D" parent="." instance=ExtResource("2_bkok3")]
transform = Transform3D(0.429058, 0, -0.903277, 0, 1, 0, 0.903277, 0, 0.429058, 3.26454, -0.0100006, 18.9947)

[node name="@Node3D@65" type="Node3D" parent="." instance=ExtResource("2_bkok3")]
transform = Transform3D(0.861759, 0, -0.507317, 0, 1, 0, 0.507317, 0, 0.861759, 3.50756, -0.0100006, 18.8)

[node name="@Node3D@66" type="Node3D" parent="." instance=ExtResource("2_bkok3")]
transform = Transform3D(0.999549, 0, -0.0300421, 0, 1, 0, 0.0300421, 0, 0.999549, 3.55396, -0.0100006, 18.5031)

[node name="@Node3D@67" type="Node3D" parent="." instance=ExtResource("2_bkok3")]
transform = Transform3D(0.999297, 0, 0.037495, 0, 1, 0, -0.037495, 0, 0.999297, 3.52591, -0.0100006, 18.1897)

[node name="@Node3D@68" type="Node3D" parent="." instance=ExtResource("2_bkok3")]
transform = Transform3D(0.995661, -2.29034e-09, 0.0930502, 0, 1, 2.46141e-08, -0.0930502, -2.45073e-08, 0.995661, 3.53037, -0.0100006, 17.8745)

[node name="@Node3D@69" type="Node3D" parent="." instance=ExtResource("1_t4rvv")]
transform = Transform3D(-0.793752, 0.00547519, -0.608217, 0, 0.999959, 0.00900167, 0.608242, 0.00714509, -0.79372, 3.96301, 0.2, 17.3368)

[node name="@Node3D@70" type="Node3D" parent="." instance=ExtResource("1_t4rvv")]
transform = Transform3D(-0.898582, 0.00197606, -0.438801, 0, 0.99999, 0.00450328, 0.438806, 0.00404656, -0.898573, 4.14694, 0.197278, 17.5768)

[node name="@Node3D@71" type="Node3D" parent="." instance=ExtResource("1_t4rvv")]
transform = Transform3D(-0.954395, 0, -0.298547, 0, 1, 0, 0.298547, 0, -0.954395, 4.22827, 0.197278, 17.88)

[node name="@Node3D@72" type="Node3D" parent="." instance=ExtResource("1_t4rvv")]
transform = Transform3D(-0.934094, 0, -0.357027, 0, 1, 0, 0.357027, 0, -0.934094, 4.33412, 0.197278, 18.1752)

[node name="@Node3D@73" type="Node3D" parent="." instance=ExtResource("1_t4rvv")]
transform = Transform3D(-0.918888, 0, -0.394519, 0, 1, 0, 0.394519, 0, -0.918888, 4.45143, 0.197278, 18.4639)

[node name="@Node3D@74" type="Node3D" parent="." instance=ExtResource("1_t4rvv")]
transform = Transform3D(-0.933775, 0, -0.357861, 0, 1, 0, 0.357861, 0, -0.933775, 4.5757, 0.197278, 18.7379)

[node name="@Node3D@75" type="Node3D" parent="." instance=ExtResource("1_t4rvv")]
transform = Transform3D(-0.957734, 0, -0.287656, 0, 1, 0, 0.287656, 0, -0.957734, 4.66676, 0.197278, 19.0257)

[node name="@Node3D@76" type="Node3D" parent="." instance=ExtResource("1_t4rvv")]
transform = Transform3D(-0.967042, 0, -0.254618, 0, 1, 0, 0.254618, 0, -0.967042, 4.74961, 0.197278, 19.3169)

[node name="@Node3D@77" type="Node3D" parent="." instance=ExtResource("1_t4rvv")]
transform = Transform3D(-0.967264, 0, -0.253774, 0, 1, 0, 0.253774, 0, -0.967264, 4.8212, 0.197278, 19.6123)

[node name="@Node3D@78" type="Node3D" parent="." instance=ExtResource("1_t4rvv")]
transform = Transform3D(-0.969869, 0, -0.243626, 0, 1, 0, 0.243626, 0, -0.969869, 4.90423, 0.197278, 19.9062)

[node name="@Node3D@79" type="Node3D" parent="." instance=ExtResource("1_t4rvv")]
transform = Transform3D(-0.985737, 0, -0.168295, 0, 1, 0, 0.168295, 0, -0.985737, 4.97027, 0.197278, 20.2057)

[node name="@Node3D@80" type="Node3D" parent="." instance=ExtResource("1_t4rvv")]
transform = Transform3D(-0.9894, 0, -0.145215, 0, 1, 0, 0.145215, 0, -0.9894, 5.00769, 0.197278, 20.5122)

[node name="@Node3D@81" type="Node3D" parent="." instance=ExtResource("1_t4rvv")]
transform = Transform3D(-0.976915, 0, -0.21363, 0, 1, 0, 0.21363, 0, -0.976915, 5.05983, 0.197278, 20.8159)

[node name="@Node3D@82" type="Node3D" parent="." instance=ExtResource("1_t4rvv")]
transform = Transform3D(-0.909741, 0, -0.415177, 0, 1, 0, 0.415177, 0, -0.909741, 5.13884, 0.197278, 21.1119)

[node name="@Node3D@83" type="Node3D" parent="." instance=ExtResource("1_t4rvv")]
transform = Transform3D(-0.727514, -0.00193167, -0.68609, 0, 0.999996, -0.00281546, 0.686093, -0.00204829, -0.727511, 5.30852, 0.197278, 21.3609)

[node name="@Node3D@84" type="Node3D" parent="." instance=ExtResource("1_t4rvv")]
transform = Transform3D(-0.264306, -0.00286654, -0.964435, 0, 0.999996, -0.00297224, 0.964439, -0.00078558, -0.264304, 5.55182, 0.198973, 21.5499)

[node name="@Node3D@85" type="Node3D" parent="." instance=ExtResource("1_t4rvv")]
transform = Transform3D(0.364705, 0.000541045, -0.931123, 0, 1, 0.000581067, 0.931123, -0.000211918, 0.364705, 5.85843, 0.198973, 21.5116)

[node name="@Node3D@86" type="Node3D" parent="." instance=ExtResource("1_t4rvv")]
transform = Transform3D(0.629242, 0.000441701, -0.777209, 0, 1, 0.000568317, 0.777209, -0.000357609, 0.629242, 6.1046, 0.198628, 21.3333)

[node name="@Node3D@87" type="Node3D" parent="." instance=ExtResource("1_t4rvv")]
transform = Transform3D(0.725695, 0, -0.688017, 0, 1, 0, 0.688017, 0, 0.725695, 6.33018, 0.198628, 21.1296)

[node name="@Node3D@88" type="Node3D" parent="." instance=ExtResource("1_t4rvv")]
transform = Transform3D(0.845377, 0, -0.534171, 0, 1, 0, 0.534171, 0, 0.845377, 6.52477, 0.198628, 20.8902)

[node name="@Node3D@89" type="Node3D" parent="." instance=ExtResource("1_t4rvv")]
transform = Transform3D(0.865106, 0, -0.50159, 0, 1, 0, 0.50159, 0, 0.865106, 6.65664, 0.198628, 20.613)

[node name="@Node3D@90" type="Node3D" parent="." instance=ExtResource("1_t4rvv")]
transform = Transform3D(0.82419, 0, -0.566313, 0, 1, 0, 0.566313, 0, 0.82419, 6.83639, 0.198628, 20.3527)

[node name="@Node3D@91" type="Node3D" parent="." instance=ExtResource("1_t4rvv")]
transform = Transform3D(0.810358, 0, -0.585934, 0, 1, 0, 0.585934, 0, 0.810358, 7.00743, 0.198628, 20.1025)

[node name="@Node3D@92" type="Node3D" parent="." instance=ExtResource("1_t4rvv")]
transform = Transform3D(0.845098, 0, -0.534612, 0, 1, 0, 0.534612, 0, 0.845098, 7.19338, 0.198628, 19.859)

[node name="@Node3D@93" type="Node3D" parent="." instance=ExtResource("1_t4rvv")]
transform = Transform3D(0.783736, 0, -0.621094, 0, 1, 0, 0.621094, 0, 0.783736, 7.33948, 0.198628, 19.5776)

[node name="@Node3D@94" type="Node3D" parent="." instance=ExtResource("1_t4rvv")]
transform = Transform3D(0.474252, 0, -0.880389, 0, 1, 0, 0.880389, 0, 0.474252, 7.57215, 0.198628, 19.381)

[node name="@Node3D@95" type="Node3D" parent="." instance=ExtResource("1_t4rvv")]
transform = Transform3D(0.108962, 0, -0.994046, 0, 1, 0, 0.994046, 0, 0.108962, 7.87053, 0.198628, 19.2915)

[node name="@Node3D@96" type="Node3D" parent="." instance=ExtResource("1_t4rvv")]
transform = Transform3D(-0.161541, 0, -0.986866, 0, 1, 0, 0.986866, 0, -0.161541, 8.17896, 0.198628, 19.3145)

[node name="@Node3D@97" type="Node3D" parent="." instance=ExtResource("1_t4rvv")]
transform = Transform3D(-0.428694, 0.000263792, -0.90345, 0, 1, 0.000291984, 0.90345, 0.000125172, -0.428694, 8.47224, 0.198628, 19.39)

[node name="@Node3D@98" type="Node3D" parent="." instance=ExtResource("1_t4rvv")]
transform = Transform3D(-0.777122, 0.000187866, -0.62935, 0, 1, 0.000298508, 0.62935, 0.000231977, -0.777122, 8.72293, 0.198452, 19.5726)

[node name="@Node3D@99" type="Node3D" parent="." instance=ExtResource("1_t4rvv")]
transform = Transform3D(-0.947946, -0.000776229, -0.318429, 0, 0.999997, -0.00243768, 0.31843, -0.00231079, -0.947944, 8.84289, 0.198452, 19.8477)

[node name="@Node3D@100" type="Node3D" parent="." instance=ExtResource("1_t4rvv")]
transform = Transform3D(-0.98404, -0.000422235, -0.177944, 0, 0.999997, -0.00237284, 0.177945, -0.00233497, -0.984038, 8.9135, 0.199911, 20.1399)

[node name="@Node3D@101" type="Node3D" parent="." instance=ExtResource("1_t4rvv")]
transform = Transform3D(-0.980225, 0, -0.197885, 0, 1, 0, 0.197885, 0, -0.980225, 8.9523, 0.199911, 20.4527)

[node name="@Node3D@102" type="Node3D" parent="." instance=ExtResource("1_t4rvv")]
transform = Transform3D(-0.94472, 0, -0.327878, 0, 1, 0, 0.327878, 0, -0.94472, 9.03767, 0.199911, 20.7551)

[node name="@Node3D@103" type="Node3D" parent="." instance=ExtResource("1_t4rvv")]
transform = Transform3D(-0.997283, 0.00024971, -0.073661, 0, 0.999994, 0.00338997, 0.0736615, 0.00338076, -0.997278, 9.15926, 0.199911, 21.049)

[node name="@Node3D@104" type="Node3D" parent="." instance=ExtResource("1_t4rvv")]
transform = Transform3D(-0.997508, 0.000243213, -0.0705556, 0, 0.999994, 0.00344709, 0.0705561, 0.0034385, -0.997502, 9.08106, 0.197914, 21.3424)

[node name="@Node3D@105" type="Node3D" parent="." instance=ExtResource("1_t4rvv")]
transform = Transform3D(-0.806678, 0, -0.590992, 0, 1, 0, 0.590992, 0, -0.806678, 9.20012, 0.197914, 21.6268)

[node name="@Node3D@106" type="Node3D" parent="." instance=ExtResource("1_t4rvv")]
transform = Transform3D(-0.264581, -0.0035129, -0.964357, 0, 0.999993, -0.00364272, 0.964364, -0.000963793, -0.264579, 9.43654, 0.197914, 21.8276)

[node name="@Node3D@107" type="Node3D" parent="." instance=ExtResource("1_t4rvv")]
transform = Transform3D(0.370461, -0.00313017, -0.928843, 0, 0.999994, -0.00336995, 0.928848, 0.00124843, 0.370459, 9.74511, 0.199973, 21.7763)

[node name="@Node3D@108" type="Node3D" parent="." instance=ExtResource("1_t4rvv")]
transform = Transform3D(0.610655, 0, -0.791896, 0, 1, 0, 0.791896, 0, 0.610655, 10.0039, 0.199973, 21.6013)

[node name="@Node3D@109" type="Node3D" parent="." instance=ExtResource("1_t4rvv")]
transform = Transform3D(0.779921, 0, -0.625878, 0, 1, 0, 0.625878, 0, 0.779921, 10.2347, 0.199973, 21.3988)

[node name="@Node3D@110" type="Node3D" parent="." instance=ExtResource("1_t4rvv")]
transform = Transform3D(0.912227, 0, -0.409685, 0, 1, 0, 0.409685, 0, 0.912227, 10.3881, 0.199973, 21.1227)

[node name="@Node3D@111" type="Node3D" parent="." instance=ExtResource("1_t4rvv")]
transform = Transform3D(0.947432, 0, -0.319958, 0, 1, 0, 0.319958, 0, 0.947432, 10.4888, 0.199973, 20.8328)

[node name="@Node3D@112" type="Node3D" parent="." instance=ExtResource("1_t4rvv")]
transform = Transform3D(0.952161, 0, -0.305596, 0, 1, 0, 0.305596, 0, 0.952161, 10.5866, 0.199973, 20.535)

[node name="@Node3D@113" type="Node3D" parent="." instance=ExtResource("1_t4rvv")]
transform = Transform3D(0.961084, 0, -0.276257, 0, 1, 0, 0.276257, 0, 0.961084, 10.6814, 0.199973, 20.2329)

[node name="@Node3D@114" type="Node3D" parent="." instance=ExtResource("1_t4rvv")]
transform = Transform3D(0.976787, 0, -0.214214, 0, 1, 0, 0.214214, 0, 0.976787, 10.762, 0.199973, 19.9245)

[node name="@Node3D@115" type="Node3D" parent="." instance=ExtResource("1_t4rvv")]
transform = Transform3D(0.970421, 0, -0.241418, 0, 1, 0, 0.241418, 0, 0.970421, 10.8145, 0.199973, 19.6258)

[node name="@Node3D@116" type="Node3D" parent="." instance=ExtResource("1_t4rvv")]
transform = Transform3D(0.945911, 0, -0.324425, 0, 1, 0, 0.324425, 0, 0.945911, 10.9117, 0.199973, 19.3228)

[node name="@Node3D@117" type="Node3D" parent="." instance=ExtResource("1_t4rvv")]
transform = Transform3D(0.921652, 0, -0.388018, 0, 1, 0, 0.388018, 0, 0.921652, 11.0156, 0.199973, 19.0396)

[node name="@Node3D@118" type="Node3D" parent="." instance=ExtResource("1_t4rvv")]
transform = Transform3D(0.936222, 0, -0.351409, 0, 1, 0, 0.351409, 0, 0.936222, 11.1458, 0.199973, 18.7668)

[node name="@Node3D@119" type="Node3D" parent="." instance=ExtResource("1_t4rvv")]
transform = Transform3D(0.961715, 0, -0.274051, 0, 1, 0, 0.274051, 0, 0.961715, 11.2268, 0.199973, 18.4768)

[node name="@Node3D@120" type="Node3D" parent="." instance=ExtResource("2_bkok3")]
transform = Transform3D(0.446008, -0.0296571, -0.894538, 0, 0.999451, -0.0331353, 0.895029, 0.0147786, 0.445763, 11.7711, -0.02, 18.2086)

[node name="@Node3D@121" type="Node3D" parent="." instance=ExtResource("2_bkok3")]
transform = Transform3D(0.331424, -0.0157238, -0.943351, 0, 0.999861, -0.0166657, 0.943482, 0.00552341, 0.331378, 12.041, -0.0100006, 18.0741)

[node name="@Node3D@122" type="Node3D" parent="." instance=ExtResource("2_bkok3")]
transform = Transform3D(0.330972, 0, -0.943641, 0, 1, 0, 0.943641, 0, 0.330972, 12.3371, -0.0100006, 18.0098)

[node name="@Node3D@123" type="Node3D" parent="." instance=ExtResource("2_bkok3")]
transform = Transform3D(0.561375, 0, -0.827562, 0, 1, 0, 0.827562, 0, 0.561375, 12.6171, -0.0100006, 17.872)

[node name="@Node3D@124" type="Node3D" parent="." instance=ExtResource("2_bkok3")]
transform = Transform3D(0.690963, 0, -0.72289, 0, 1, 0, 0.72289, 0, 0.690963, 12.8457, -0.0100006, 17.6648)

[node name="@Node3D@125" type="Node3D" parent="." instance=ExtResource("2_bkok3")]
transform = Transform3D(0.709119, 0, -0.705089, 0, 1, 0, 0.705089, 0, 0.709119, 13.0664, -0.0100006, 17.4426)

[node name="@Node3D@126" type="Node3D" parent="." instance=ExtResource("2_bkok3")]
transform = Transform3D(0.737969, 0, -0.674835, 0, 1, 0, 0.674835, 0, 0.737969, 13.2841, -0.0100006, 17.2239)

[node name="@Node3D@127" type="Node3D" parent="." instance=ExtResource("2_bkok3")]
transform = Transform3D(0.787121, 0, -0.616799, 0, 1, 0, 0.616799, 0, 0.787121, 13.4849, -0.0100006, 16.9849)

[node name="@Node3D@128" type="Node3D" parent="." instance=ExtResource("1_t4rvv")]
transform = Transform3D(-0.000484272, 0.00874918, -0.999962, 0, 0.999962, 0.00874918, 1, 4.23698e-06, -0.000484253, 13.7097, 0.2, 16.3714)

[node name="@Node3D@129" type="Node3D" parent="." instance=ExtResource("1_t4rvv")]
transform = Transform3D(-0.105342, 0.0044513, -0.994426, 0, 0.99999, 0.0044762, 0.994436, 0.000471534, -0.105341, 14.0208, 0.197278, 16.3716)

[node name="@Node3D@130" type="Node3D" parent="." instance=ExtResource("1_t4rvv")]
transform = Transform3D(-0.234708, 0, -0.972066, 0, 1, 0, 0.972066, 0, -0.234708, 14.3145, 0.197278, 16.4355)

[node name="@Node3D@131" type="Node3D" parent="." instance=ExtResource("1_t4rvv")]
transform = Transform3D(-0.243004, 0, -0.970025, 0, 1, 0, 0.970025, 0, -0.243004, 14.6203, 0.197278, 16.5163)

[node name="@Node3D@132" type="Node3D" parent="." instance=ExtResource("1_t4rvv")]
transform = Transform3D(-0.261824, 0, -0.965116, 0, 1, 0, 0.965116, 0, -0.261824, 14.926, 0.197278, 16.5887)

[node name="@Node3D@133" type="Node3D" parent="." instance=ExtResource("1_t4rvv")]
transform = Transform3D(-0.347676, 0, -0.937615, 0, 1, 0, 0.937615, 0, -0.347676, 15.2135, 0.197278, 16.6772)

[node name="@Node3D@134" type="Node3D" parent="." instance=ExtResource("1_t4rvv")]
transform = Transform3D(-0.426649, -0.00209975, -0.904415, 0, 0.999997, -0.00232166, 0.904418, -0.000990534, -0.426647, 15.4915, 0.197278, 16.7983)

[node name="@Node3D@135" type="Node3D" parent="." instance=ExtResource("1_t4rvv")]
transform = Transform3D(-0.451011, -0.0020723, -0.892516, 0, 0.999997, -0.00232186, 0.892518, -0.00104718, -0.45101, 15.7595, 0.198679, 16.9348)

[node name="@Node3D@136" type="Node3D" parent="." instance=ExtResource("1_t4rvv")]
transform = Transform3D(-0.531644, -0.00129226, -0.846967, 0, 0.999999, -0.00152575, 0.846968, -0.000811155, -0.531643, 16.0302, 0.198679, 17.0706)

[node name="@Node3D@137" type="Node3D" parent="." instance=ExtResource("1_t4rvv")]
transform = Transform3D(-0.839556, -0.000863368, -0.543273, 0, 0.999999, -0.00158919, 0.543274, -0.00133422, -0.839554, 16.2683, 0.199596, 17.2541)

[node name="@Node3D@138" type="Node3D" parent="." instance=ExtResource("1_t4rvv")]
transform = Transform3D(-0.985369, 0, -0.170435, 0, 1, 0, 0.170435, 0, -0.985369, 16.3435, 0.199596, 17.5548)

[node name="@Node3D@139" type="Node3D" parent="." instance=ExtResource("1_t4rvv")]
transform = Transform3D(-0.999903, 0, -0.0139362, 0, 1, 0, 0.0139362, 0, -0.999903, 16.372, 0.199596, 17.8542)

[node name="@Node3D@140" type="Node3D" parent="." instance=ExtResource("1_t4rvv")]
transform = Transform3D(-0.99372, 0, -0.111892, 0, 1, 0, 0.111892, 0, -0.99372, 16.352, 0.199596, 18.1627)

[node name="@Node3D@141" type="Node3D" parent="." instance=ExtResource("1_t4rvv")]
transform = Transform3D(-0.92131, 0, -0.388828, 0, 1, 0, 0.388828, 0, -0.92131, 16.4405, 0.199596, 18.462)

[node name="@Node3D@142" type="Node3D" parent="." instance=ExtResource("1_t4rvv")]
transform = Transform3D(-0.881588, 0.00132986, -0.472017, 0, 0.999996, 0.00281738, 0.472019, 0.00248377, -0.881585, 16.5885, 0.199596, 18.723)

[node name="@Node3D@143" type="Node3D" parent="." instance=ExtResource("1_t4rvv")]
transform = Transform3D(-0.948421, 0.000876931, -0.317014, 0, 0.999996, 0.00276622, 0.317015, 0.00262354, -0.948417, 16.7279, 0.19788, 18.9988)

[node name="@Node3D@144" type="Node3D" parent="." instance=ExtResource("1_t4rvv")]
transform = Transform3D(-0.991819, 0, -0.127655, 0, 1, 0, 0.127655, 0, -0.991819, 16.7851, 0.19788, 19.3112)

[node name="@Node3D@145" type="Node3D" parent="." instance=ExtResource("1_t4rvv")]
transform = Transform3D(-0.998205, 0, 0.0598837, 0, 1, 0, -0.0598837, 0, -0.998205, 16.8088, 0.19788, 19.627)

[node name="@Node3D@146" type="Node3D" parent="." instance=ExtResource("1_t4rvv")]
transform = Transform3D(-0.95179, 0.000497641, 0.30675, 0, 0.999999, -0.0016223, -0.306751, -0.00154409, -0.951789, 16.7481, 0.19788, 19.9281)

[node name="@Node3D@147" type="Node3D" parent="." instance=ExtResource("1_t4rvv")]
transform = Transform3D(-0.938138, -3.63401e-05, 0.346262, 0, 1, 0.00010495, -0.346262, 9.84575e-05, -0.938138, 16.6203, 0.198877, 20.2119)

[node name="@Node3D@148" type="Node3D" parent="." instance=ExtResource("1_t4rvv")]
transform = Transform3D(-0.957574, -0.000487254, 0.288188, 0, 0.999999, 0.00169074, -0.288189, 0.00161901, -0.957572, 16.5329, 0.197815, 20.511)

[node name="@Node3D@149" type="Node3D" parent="." instance=ExtResource("1_t4rvv")]
transform = Transform3D(-0.950026, 0, 0.312172, 0, 1, 0, -0.312172, 0, -0.950026, 16.4393, 0.197815, 20.8134)

[node name="@Node3D@150" type="Node3D" parent="." instance=ExtResource("1_t4rvv")]
transform = Transform3D(-0.894291, 0.00144447, 0.447484, 0, 0.999995, -0.00322797, -0.447486, -0.00288674, -0.894286, 16.3353, 0.197815, 21.1124)

[node name="@Node3D@151" type="Node3D" parent="." instance=ExtResource("1_t4rvv")]
transform = Transform3D(-0.687546, 0.00242562, 0.726137, 0, 0.999994, -0.00334042, -0.726141, -0.0022967, -0.687542, 16.16, 0.19983, 21.3716)

[node name="@Node3D@152" type="Node3D" parent="." instance=ExtResource("1_t4rvv")]
transform = Transform3D(-0.373638, 0, 0.927575, 0, 1, 0, -0.927575, 0, -0.373638, 15.8973, 0.19983, 21.5271)

[node name="@Node3D@153" type="Node3D" parent="." instance=ExtResource("1_t4rvv")]
transform = Transform3D(-0.180345, -1.43792e-07, 0.983603, 0, 1, 1.46189e-07, -0.983603, 2.63645e-08, -0.180345, 15.6032, 0.19983, 21.5958)

[node name="@Node3D@154" type="Node3D" parent="." instance=ExtResource("1_t4rvv")]
transform = Transform3D(-0.42993, 0, 0.902862, 0, 1, 0, -0.902862, 0, -0.42993, 15.2958, 0.19983, 21.6374)

[node name="@Node3D@155" type="Node3D" parent="." instance=ExtResource("1_t4rvv")]
transform = Transform3D(-0.503858, 1.2771e-07, 0.863786, 0, 1, -1.47849e-07, -0.863786, -7.44952e-08, -0.503858, 15.0702, 0.19983, 21.8496)

[node name="@Node3D@156" type="Node3D" parent="." instance=ExtResource("1_t4rvv")]
transform = Transform3D(-0.209557, 0, 0.977796, 0, 1, 0, -0.977796, 0, -0.209557, 14.7734, 0.19983, 21.9421)

[node name="@Node3D@157" type="Node3D" parent="." instance=ExtResource("1_t4rvv")]
transform = Transform3D(0.00391335, 0, 0.999992, 0, 1, 0, -0.999992, 0, 0.00391335, 14.4755, 0.19983, 21.9771)

[node name="@Node3D@158" type="Node3D" parent="." instance=ExtResource("1_t4rvv")]
transform = Transform3D(0.469189, 0, 0.883098, 0, 1, 0, -0.883098, 0, 0.469189, 14.1623, 0.19983, 21.9397)

[node name="@Node3D@159" type="Node3D" parent="." instance=ExtResource("1_t4rvv")]
transform = Transform3D(0.801591, 0, 0.597873, 0, 1, 0, -0.597873, 0, 0.801591, 13.9596, 0.19983, 21.703)

[node name="@Node3D@160" type="Node3D" parent="." instance=ExtResource("1_t4rvv")]
transform = Transform3D(0.866376, 0, 0.499392, 0, 1, 0, -0.499392, 0, 0.866376, 13.7947, 0.19983, 21.4469)

[node name="@Node3D@161" type="Node3D" parent="." instance=ExtResource("1_t4rvv")]
transform = Transform3D(0.908146, 0, 0.418654, 0, 1, 0, -0.418654, 0, 0.908146, 13.6572, 0.19983, 21.1784)

[node name="@Node3D@162" type="Node3D" parent="." instance=ExtResource("1_t4rvv")]
transform = Transform3D(0.924073, 0, 0.382215, 0, 1, 0, -0.382215, 0, 0.924073, 13.5393, 0.19983, 20.8929)

[node name="@Node3D@163" type="Node3D" parent="." instance=ExtResource("1_t4rvv")]
transform = Transform3D(0.995294, 0, 0.0968965, 0, 1, 0, -0.0968965, 0, 0.995294, 13.4224, 0.19983, 20.6108)

[node name="@Node3D@164" type="Node3D" parent="." instance=ExtResource("1_t4rvv")]
transform = Transform3D(0.859881, 0, -0.510494, 0, 1, 0, 0.510494, 0, 0.859881, 13.4831, 0.19983, 20.3153)

[node name="@Node3D@165" type="Node3D" parent="." instance=ExtResource("1_t4rvv")]
transform = Transform3D(0.663125, 0, -0.748509, 0, 1, 0, 0.748509, 0, 0.663125, 13.7146, 0.19983, 20.1187)

[node name="@Node3D@166" type="Node3D" parent="." instance=ExtResource("1_t4rvv")]
transform = Transform3D(0.806447, 0, -0.591306, 0, 1, 0, 0.591306, 0, 0.806447, 13.9374, 0.19983, 19.9128)

[node name="@Node3D@167" type="Node3D" parent="." instance=ExtResource("1_t4rvv")]
transform = Transform3D(0.834439, 0, -0.5511, 0, 1, 0, 0.5511, 0, 0.834439, 14.0694, 0.19983, 19.6348)

[node name="@Node3D@168" type="Node3D" parent="." instance=ExtResource("1_t4rvv")]
transform = Transform3D(0.565985, 0, -0.824416, 0, 1, 0, 0.824416, 0, 0.565985, 14.2697, 0.19983, 19.4097)

[node name="@Node3D@169" type="Node3D" parent="." instance=ExtResource("1_t4rvv")]
transform = Transform3D(0.253841, 0, -0.967246, 0, 1, 0, 0.967246, 0, 0.253841, 14.5527, 0.19983, 19.3031)

[node name="@Node3D@170" type="Node3D" parent="." instance=ExtResource("1_t4rvv")]
transform = Transform3D(0.0536841, 0, -0.998558, 0, 1, 0, 0.998558, 0, 0.0536841, 14.8558, 0.19983, 19.2559)

[node name="@Node3D@171" type="Node3D" parent="." instance=ExtResource("1_t4rvv")]
transform = Transform3D(-0.0963431, 0.00552301, -0.995333, 0, 0.999985, 0.00554882, 0.995348, 0.000534591, -0.0963417, 15.1642, 0.19983, 19.2702)

[node name="@Node3D@172" type="Node3D" parent="." instance=ExtResource("1_t4rvv")]
transform = Transform3D(-0.108385, 0.00558225, -0.994093, 0, 0.999984, 0.00561533, 0.994109, 0.000608618, -0.108383, 15.4731, 0.196389, 19.3157)

[node name="@Node3D@173" type="Node3D" parent="." instance=ExtResource("1_t4rvv")]
transform = Transform3D(-0.0754782, -0.00700673, -0.997123, 0, 0.999975, -0.00702677, 0.997147, -0.000530368, -0.0754763, 15.7734, 0.196389, 19.3366)

[node name="@Node3D@174" type="Node3D" parent="." instance=ExtResource("1_t4rvv")]
transform = Transform3D(-0.157889, -0.0052589, -0.987443, 0, 0.999986, -0.0053257, 0.987457, -0.000840869, -0.157887, 16.0743, 0.200626, 19.3612)

[node name="@Node3D@175" type="Node3D" parent="." instance=ExtResource("1_t4rvv")]
transform = Transform3D(-0.171318, 0.00153371, -0.985215, 0, 0.999999, 0.00155672, 0.985216, 0.000266695, -0.171318, 16.3809, 0.199665, 19.4337)

[node name="@Node3D@176" type="Node3D" parent="." instance=ExtResource("1_t4rvv")]
transform = Transform3D(-0.0801821, 0, -0.99678, 0, 1, 0, 0.99678, 0, -0.0801821, 16.6822, 0.199665, 19.4669)

[node name="@Node3D@177" type="Node3D" parent="." instance=ExtResource("1_t4rvv")]
transform = Transform3D(-0.0468486, 0, -0.998902, 0, 1, 0, 0.998902, 0, -0.0468486, 16.9818, 0.199665, 19.4821)

[node name="@Node3D@178" type="Node3D" parent="." instance=ExtResource("2_bkok3")]
transform = Transform3D(0.458794, -0.0293915, -0.888056, 0, 0.999453, -0.0330783, 0.888542, 0.0151762, 0.458543, 17.8704, -0.02, 19.4499)

[node name="@Node3D@179" type="Node3D" parent="." instance=ExtResource("2_bkok3")]
transform = Transform3D(0.682249, -0.0125672, -0.731012, 0, 0.999852, -0.017189, 0.73112, 0.0117272, 0.682148, 18.1389, -0.0100006, 19.3113)

[node name="@Node3D@180" type="Node3D" parent="." instance=ExtResource("2_bkok3")]
transform = Transform3D(0.916076, 0, -0.401005, 0, 1, 0, 0.401005, 0, 0.916076, 18.2957, -0.0100006, 19.0531)

[node name="@Node3D@181" type="Node3D" parent="." instance=ExtResource("2_bkok3")]
transform = Transform3D(0.99049, 0, -0.137582, 0, 1, 0, 0.137582, 0, 0.99049, 18.3815, -0.0100006, 18.7569)

[node name="@Node3D@182" type="Node3D" parent="." instance=ExtResource("2_bkok3")]
transform = Transform3D(0.999899, 0, -0.014184, 0, 1, 0, 0.014184, 0, 0.999899, 18.3798, -0.0100006, 18.4472)

[node name="@Node3D@183" type="Node3D" parent="." instance=ExtResource("2_bkok3")]
transform = Transform3D(0.988335, 0, -0.152293, 0, 1, 0, 0.152293, 0, 0.988335, 18.3902, -0.0100006, 18.1424)

[node name="@Node3D@184" type="Node3D" parent="." instance=ExtResource("2_bkok3")]
transform = Transform3D(0.958362, 0, -0.285556, 0, 1, 0, 0.285556, 0, 0.958362, 18.4722, -0.0100006, 17.8479)

[node name="@Node3D@185" type="Node3D" parent="." instance=ExtResource("1_t4rvv")]
transform = Transform3D(-0.971543, 0.00214056, -0.236853, 0, 0.999959, 0.00903717, 0.236862, 0.00878, -0.971504, 18.9202, 0.2, 17.628)

[node name="@Node3D@186" type="Node3D" parent="." instance=ExtResource("1_t4rvv")]
transform = Transform3D(-0.956324, 0.00131724, -0.292305, 0, 0.99999, 0.00450634, 0.292308, 0.00430952, -0.956315, 18.9915, 0.197278, 17.9206)

[node name="@Node3D@187" type="Node3D" parent="." instance=ExtResource("1_t4rvv")]
transform = Transform3D(-0.943622, 0, -0.331024, 0, 1, 0, 0.331024, 0, -0.943622, 19.0968, 0.197278, 18.2057)

[node name="@Node3D@188" type="Node3D" parent="." instance=ExtResource("1_t4rvv")]
transform = Transform3D(-0.916646, 0, -0.399701, 0, 1, 0, 0.399701, 0, -0.916646, 19.1968, 0.197278, 18.5056)

[node name="@Node3D@189" type="Node3D" parent="." instance=ExtResource("1_t4rvv")]
transform = Transform3D(-0.886734, 0, -0.462281, 0, 1, 0, 0.462281, 0, -0.886734, 19.3479, 0.197278, 18.7815)

[node name="@Node3D@190" type="Node3D" parent="." instance=ExtResource("1_t4rvv")]
transform = Transform3D(-0.899632, 0, -0.436648, 0, 1, 0, 0.436648, 0, -0.899632, 19.4824, 0.197278, 19.0535)

[node name="@Node3D@191" type="Node3D" parent="." instance=ExtResource("1_t4rvv")]
transform = Transform3D(-0.937567, 0, -0.347804, 0, 1, 0, 0.347804, 0, -0.937567, 19.6166, 0.197278, 19.3353)

[node name="@Node3D@192" type="Node3D" parent="." instance=ExtResource("1_t4rvv")]
transform = Transform3D(-0.954918, 0, -0.29687, 0, 1, 0, 0.29687, 0, -0.954918, 19.6997, 0.197278, 19.6392)

[node name="@Node3D@193" type="Node3D" parent="." instance=ExtResource("1_t4rvv")]
transform = Transform3D(-0.900929, 0, -0.433966, 0, 1, 0, 0.433966, 0, -0.900929, 19.8036, 0.197278, 19.9365)

[node name="@Node3D@194" type="Node3D" parent="." instance=ExtResource("1_t4rvv")]
transform = Transform3D(-0.863717, 0, -0.503976, 0, 1, 0, 0.503976, 0, -0.863717, 19.9723, 0.197278, 20.2052)

[node name="@Node3D@195" type="Node3D" parent="." instance=ExtResource("1_t4rvv")]
transform = Transform3D(-0.847804, 0, -0.53031, 0, 1, 0, 0.53031, 0, -0.847804, 20.1239, 0.197278, 20.4855)

[node name="@Node3D@196" type="Node3D" parent="." instance=ExtResource("1_t4rvv")]
