[gd_scene load_steps=3 format=3]

[ext_resource type="PackedScene" path="res://route_markerSIMPLE.tscn" id="1_k30f4"]
[ext_resource type="PackedScene" path="res://route_marker_blue.tscn" id="2_uqna8"]

[node name="RouteContainer" type="Node3D"]

[node name="RouteMarker" type="Node3D" parent="." instance=ExtResource("1_k30f4")]
transform = Transform3D(0.999681, -0.00022156, 0.0252633, 0, 0.999962, 0.00876969, -0.0252642, -0.00876689, 0.999642, 2.47649, 0.2, 21.5512)

[node name="@Node3D@2" type="Node3D" parent="." instance=ExtResource("1_k30f4")]
transform = Transform3D(0.976309, -0.000705029, 0.216379, 0, 0.999995, 0.0032583, -0.21638, -0.0031811, 0.976304, 2.46865, 0.197278, 21.2409)

[node name="@Node3D@3" type="Node3D" parent="." instance=ExtResource("1_k30f4")]
transform = Transform3D(0.878321, 0.000587174, 0.478071, 0, 0.999999, -0.00122821, -0.478072, 0.00107876, 0.87832, 2.34579, 0.198032, 20.9615)

[node name="@Node3D@4" type="Node3D" parent="." instance=ExtResource("1_k30f4")]
transform = Transform3D(0.903873, 0, 0.427802, 0, 1, 0, -0.427802, 0, 0.903873, 2.1751, 0.198032, 20.7016)

[node name="@Node3D@5" type="Node3D" parent="." instance=ExtResource("1_k30f4")]
transform = Transform3D(0.962135, 0.000289098, 0.272572, 0, 0.999999, -0.00106063, -0.272572, 0.00102047, 0.962135, 2.08599, 0.198032, 20.4126)

[node name="@Node3D@6" type="Node3D" parent="." instance=ExtResource("1_k30f4")]
transform = Transform3D(0.96651, 0.000266661, 0.256628, 0, 0.999999, -0.00103909, -0.256628, 0.00100429, 0.96651, 2.00866, 0.19868, 20.1141)

[node name="@Node3D@7" type="Node3D" parent="." instance=ExtResource("1_k30f4")]
transform = Transform3D(0.971914, 0, 0.235337, 0, 1, 0, -0.235337, 0, 0.971914, 1.92603, 0.19868, 19.8101)

[node name="@Node3D@8" type="Node3D" parent="." instance=ExtResource("1_k30f4")]
transform = Transform3D(0.966851, 0, 0.25534, 0, 1, 0, -0.25534, 0, 0.966851, 1.86395, 0.19868, 19.5164)

[node name="@Node3D@9" type="Node3D" parent="." instance=ExtResource("1_k30f4")]
transform = Transform3D(0.97249, 0, 0.232944, 0, 1, 0, -0.232944, 0, 0.97249, 1.7685, 0.19868, 19.2136)

[node name="@Node3D@10" type="Node3D" parent="." instance=ExtResource("1_k30f4")]
transform = Transform3D(0.966939, 0, 0.255006, 0, 1, 0, -0.255006, 0, 0.966939, 1.71967, 0.19868, 18.9141)

[node name="@Node3D@11" type="Node3D" parent="." instance=ExtResource("1_k30f4")]
transform = Transform3D(0.910694, 0, 0.413082, 0, 1, 0, -0.413082, 0, 0.910694, 1.61146, 0.19868, 18.6182)

[node name="@Node3D@12" type="Node3D" parent="." instance=ExtResource("1_k30f4")]
transform = Transform3D(0.958203, 0, 0.286089, 0, 1, 0, -0.286089, 0, 0.958203, 1.45997, 0.19868, 18.3416)

[node name="@Node3D@13" type="Node3D" parent="." instance=ExtResource("1_k30f4")]
transform = Transform3D(0.988346, 0, 0.152222, 0, 1, 0, -0.152222, 0, 0.988346, 1.43919, 0.19868, 18.0412)

[node name="@Node3D@14" type="Node3D" parent="." instance=ExtResource("1_k30f4")]
transform = Transform3D(0.924374, 0, 0.381487, 0, 1, 0, -0.381487, 0, 0.924374, 1.36813, 0.19868, 17.7453)

[node name="@Node3D@15" type="Node3D" parent="." instance=ExtResource("1_k30f4")]
transform = Transform3D(0.819427, -0.000678869, 0.573183, 0, 0.999999, 0.00118438, -0.573183, -0.000970516, 0.819426, 1.21105, 0.19868, 17.4884)

[node name="@Node3D@16" type="Node3D" parent="." instance=ExtResource("1_k30f4")]
transform = Transform3D(0.765592, -0.000756664, 0.643326, 0, 0.999999, 0.00117618, -0.643326, -0.00090047, 0.765592, 1.0162, 0.197952, 17.2422)

[node name="@Node3D@17" type="Node3D" parent="." instance=ExtResource("1_k30f4")]
transform = Transform3D(0.771517, 0, 0.636209, 0, 1, 0, -0.636209, 0, 0.771517, 0.813292, 0.197952, 17.015)

[node name="@Node3D@18" type="Node3D" parent="." instance=ExtResource("1_k30f4")]
transform = Transform3D(0.8158, 0, 0.578334, 0, 1, 0, -0.578334, 0, 0.8158, 0.630269, 0.197952, 16.7742)

[node name="@Node3D@19" type="Node3D" parent="." instance=ExtResource("1_k30f4")]
transform = Transform3D(0.829459, 0, 0.558567, 0, 1, 0, -0.558567, 0, 0.829459, 0.464086, 0.197952, 16.5224)

[node name="@Node3D@20" type="Node3D" parent="." instance=ExtResource("1_k30f4")]
transform = Transform3D(0.944651, 0.000974364, 0.328076, 0, 0.999996, -0.00296992, -0.328077, 0.00280554, 0.944647, 0.29318, 0.197952, 16.2736)

[node name="@Node3D@21" type="Node3D" parent="." instance=ExtResource("1_k30f4")]
transform = Transform3D(0.995372, 0.000275607, 0.0961014, 0, 0.999996, -0.00286787, -0.0961018, 0.0028546, 0.995367, 0.272061, 0.199691, 15.9695)

[node name="@Node3D@22" type="Node3D" parent="." instance=ExtResource("1_k30f4")]
transform = Transform3D(0.886214, 0, 0.463276, 0, 1, 0, -0.463276, 0, 0.886214, 0.23493, 0.199691, 15.6703)

[node name="@Node3D@23" type="Node3D" parent="." instance=ExtResource("1_k30f4")]
transform = Transform3D(0.0131703, 0, 0.999913, 0, 1, 0, -0.999913, 0, 0.0131703, 0.00982761, 0.199691, 15.4679)

[node name="@Node3D@24" type="Node3D" parent="." instance=ExtResource("1_k30f4")]
transform = Transform3D(-0.800227, 0, 0.599697, 0, 1, 0, -0.599697, 0, -0.800227, -0.225927, 0.199691, 15.6642)

[node name="@Node3D@25" type="Node3D" parent="." instance=ExtResource("1_k30f4")]
transform = Transform3D(-0.864445, 0, 0.502727, 0, 1, 0, -0.502727, 0, -0.864445, -0.348222, 0.199691, 15.9457)

[node name="@Node3D@26" type="Node3D" parent="." instance=ExtResource("1_k30f4")]
transform = Transform3D(-0.776902, -0.00191666, 0.629618, 0, 0.999995, 0.00304414, -0.629621, 0.002365, -0.776899, -0.536446, 0.199691, 16.1981)

[node name="@Node3D@27" type="Node3D" parent="." instance=ExtResource("1_k30f4")]
transform = Transform3D(-0.775237, -0.00191592, 0.631667, 0, 0.999995, 0.00303311, -0.63167, 0.00235138, -0.775234, -0.745251, 0.197771, 16.4356)

[node name="@Node3D@28" type="Node3D" parent="." instance=ExtResource("1_k30f4")]
transform = Transform3D(-0.874808, 0, 0.48447, 0, 1, 0, -0.48447, 0, -0.874808, -0.936216, 0.197771, 16.6888)

[node name="@Node3D@29" type="Node3D" parent="." instance=ExtResource("1_k30f4")]
transform = Transform3D(-0.904689, 0, 0.426072, 0, 1, 0, -0.426072, 0, -0.904689, -1.04656, 0.197771, 16.9797)

[node name="@Node3D@30" type="Node3D" parent="." instance=ExtResource("1_k30f4")]
transform = Transform3D(-0.865353, 0, 0.501163, 0, 1, 0, -0.501163, 0, -0.865353, -1.20208, 0.197771, 17.2533)

[node name="@Node3D@31" type="Node3D" parent="." instance=ExtResource("1_k30f4")]
transform = Transform3D(-0.919801, 0, 0.392386, 0, 1, 0, -0.392386, 0, -0.919801, -1.3631, 0.197771, 17.5262)

[node name="@Node3D@32" type="Node3D" parent="." instance=ExtResource("1_k30f4")]
transform = Transform3D(-0.953293, 0, 0.302046, 0, 1, 0, -0.302046, 0, -0.953293, -1.44802, 0.197771, 17.8298)

[node name="@Node3D@33" type="Node3D" parent="." instance=ExtResource("1_k30f4")]
transform = Transform3D(-0.962117, 0, 0.272636, 0, 1, 0, -0.272636, 0, -0.962117, -1.55395, 0.197771, 18.1286)

[node name="@Node3D@34" type="Node3D" parent="." instance=ExtResource("1_k30f4")]
transform = Transform3D(-0.999094, 0, 0.0425665, 0, 1, 0, -0.0425665, 0, -0.999094, -1.61609, 0.197771, 18.4229)

[node name="@Node3D@35" type="Node3D" parent="." instance=ExtResource("1_k30f4")]
transform = Transform3D(-0.985783, 0, -0.168025, 0, 1, 0, 0.168025, 0, -0.985783, -1.57926, 0.197771, 18.7225)

[node name="@Node3D@36" type="Node3D" parent="." instance=ExtResource("1_k30f4")]
transform = Transform3D(-0.999439, 0, -0.0334843, 0, 1, 0, 0.0334843, 0, -0.999439, -1.51363, 0.197771, 19.0241)

[node name="@Node3D@37" type="Node3D" parent="." instance=ExtResource("1_k30f4")]
transform = Transform3D(-0.956584, 0, 0.291458, 0, 1, 0, -0.291458, 0, -0.956584, -1.55878, 0.197771, 19.3337)

[node name="@Node3D@38" type="Node3D" parent="." instance=ExtResource("1_k30f4")]
transform = Transform3D(-0.936511, 0, 0.350638, 0, 1, 0, -0.350638, 0, -0.936511, -1.69052, 0.197771, 19.6046)

[node name="@Node3D@39" type="Node3D" parent="." instance=ExtResource("1_k30f4")]
transform = Transform3D(-0.978322, 0.00070668, 0.207089, 0, 0.999994, -0.00341242, -0.207091, -0.00333844, -0.978316, -1.77203, 0.197771, 19.9033)

[node name="@Node3D@40" type="Node3D" parent="." instance=ExtResource("1_k30f4")]
transform = Transform3D(-0.999852, -5.8783e-05, -0.0172006, 0, 0.999994, -0.00341747, 0.0172007, -0.00341697, -0.999846, -1.81926, 0.199893, 20.2128)

[node name="@Node3D@41" type="Node3D" parent="." instance=ExtResource("1_k30f4")]
transform = Transform3D(-0.996684, 0, -0.0813649, 0, 1, 0, 0.0813649, 0, -0.996684, -1.76135, 0.199893, 20.524)

[node name="@Node3D@42" type="Node3D" parent="." instance=ExtResource("1_k30f4")]
transform = Transform3D(-0.985421, 0, 0.170136, 0, 1, 0, -0.170136, 0, -0.985421, -1.7684, 0.199893, 20.8358)

[node name="@Node3D@43" type="Node3D" parent="." instance=ExtResource("1_k30f4")]
transform = Transform3D(-0.961461, 0, 0.27494, 0, 1, 0, -0.27494, 0, -0.961461, -1.86566, 0.199893, 21.1281)

[node name="@Node3D@44" type="Node3D" parent="." instance=ExtResource("1_k30f4")]
transform = Transform3D(-0.99771, 0, -0.06764, 0, 1, 0, 0.06764, 0, -0.99771, -1.93578, 0.199893, 21.4211)

[node name="@Node3D@45" type="Node3D" parent="." instance=ExtResource("1_k30f4")]
transform = Transform3D(-0.141038, 0, -0.990004, 0, 1, 0, 0.990004, 0, -0.141038, -1.82651, 0.199893, 21.7056)

[node name="@Node3D@46" type="Node3D" parent="." instance=ExtResource("1_k30f4")]
transform = Transform3D(0.928872, 0, -0.370401, 0, 1, 0, 0.370401, 0, 0.928872, -1.62819, 0.199893, 21.4649)

[node name="@Node3D@47" type="Node3D" parent="." instance=ExtResource("1_k30f4")]
transform = Transform3D(0.993863, 0, 0.110622, 0, 1, 0, -0.110622, 0, 0.993863, -1.60606, 0.199893, 21.1527)

[node name="@Node3D@48" type="Node3D" parent="." instance=ExtResource("1_k30f4")]
transform = Transform3D(0.994413, 0, 0.105564, 0, 1, 0, -0.105564, 0, 0.994413, -1.69488, 0.199893, 20.8658)

[node name="@Node3D@49" type="Node3D" parent="." instance=ExtResource("1_k30f4")]
transform = Transform3D(0.948598, 0, -0.316485, 0, 1, 0, 0.316485, 0, 0.948598, -1.6696, 0.199893, 20.5543)

[node name="@Node3D@50" type="Node3D" parent="." instance=ExtResource("1_k30f4")]
transform = Transform3D(0.931009, 0.00149232, -0.364994, 0, 0.999992, 0.00408858, 0.364997, -0.00380651, 0.931001, -1.50219, 0.199893, 20.2883)

[node name="@Node3D@51" type="Node3D" parent="." instance=ExtResource("1_k30f4")]
transform = Transform3D(0.962054, 0.00111556, -0.272855, 0, 0.999992, 0.00408842, 0.272858, -0.00393328, 0.962046, -1.44729, 0.197402, 19.9872)

[node name="@Node3D@52" type="Node3D" parent="." instance=ExtResource("1_k30f4")]
transform = Transform3D(0.969406, 0, -0.245461, 0, 1, 0, 0.245461, 0, 0.969406, -1.336, 0.197402, 19.7023)

[node name="@Node3D@53" type="Node3D" parent="." instance=ExtResource("1_k30f4")]
transform = Transform3D(0.405417, 0.00593096, 0.914113, 0, 0.999979, -0.00648808, -0.914132, 0.00263038, 0.405409, -1.2973, 0.197402, 19.3948)

[node name="@Node3D@54" type="Node3D" parent="." instance=ExtResource("1_k30f4")]
transform = Transform3D(-0.932882, 0.000704497, 0.360181, 0, 0.999998, -0.00195595, -0.360182, -0.00182467, -0.93288, -1.4985, 0.198556, 19.6302)

[node name="@Node3D@55" type="Node3D" parent="." instance=ExtResource("1_k30f4")]
transform = Transform3D(-0.999886, 0, 0.0150691, 0, 1, 0, -0.0150691, 0, -0.999886, -1.50968, 0.198556, 19.9449)

[node name="@Node3D@56" type="Node3D" parent="." instance=ExtResource("1_k30f4")]
transform = Transform3D(-0.986956, -1.99397e-05, -0.160992, 0, 1, -0.000123855, 0.160992, -0.00012224, -0.986956, -1.5079, 0.198556, 20.254)

[node name="@Node3D@57" type="Node3D" parent="." instance=ExtResource("1_k30f4")]
transform = Transform3D(-0.902286, -0.00155957, -0.431136, 0, 0.999993, -0.00361733, 0.431139, -0.00326387, -0.90228, -1.41051, 0.198632, 20.5529)

[node name="@Node3D@58" type="Node3D" parent="." instance=ExtResource("1_k30f4")]
transform = Transform3D(-0.805165, 0.00177751, -0.593049, 0, 0.999996, 0.00299723, 0.593051, 0.00241326, -0.805161, -1.24206, 0.200786, 20.8104)

[node name="@Node3D@59" type="Node3D" parent="." instance=ExtResource("1_k30f4")]
transform = Transform3D(-0.746951, 0.00435075, -0.664864, 0, 0.999979, 0.00654368, 0.664879, 0.00488781, -0.746935, -1.04274, 0.196773, 21.0522)

[node name="@Node3D@60" type="Node3D" parent="." instance=ExtResource("1_k30f4")]
transform = Transform3D(0.985595, 0, -0.169125, 0, 1, 0, 0.169125, 0, 0.985595, -0.834341, 0.196773, 21.2684)

[node name="@Node3D@61" type="Node3D" parent="." instance=ExtResource("1_k30f4")]
transform = Transform3D(0.730875, 0.00579453, 0.682487, 0, 0.999964, -0.00849002, -0.682511, 0.00620514, 0.730849, -1.039, 0.196773, 21.0304)

[node name="@Node3D@62" type="Node3D" parent="." instance=ExtResource("1_k30f4")]
transform = Transform3D(0.741917, -0.000482729, 0.670491, 0, 1, 0.000719963, -0.670492, -0.000534153, 0.741917, -1.26253, 0.2021, 20.8099)

[node name="@Node3D@63" type="Node3D" parent="." instance=ExtResource("1_k30f4")]
transform = Transform3D(0.936388, -0.00350043, 0.35095, 0, 0.99995, 0.00997366, -0.350968, -0.00933921, 0.936341, -1.45482, 0.196327, 20.5703)

[node name="@Node3D@64" type="Node3D" parent="." instance=ExtResource("1_k30f4")]
transform = Transform3D(0.986775, -0.000310404, -0.162096, 0, 0.999998, -0.00191494, 0.162096, 0.00188961, 0.986773, -1.46568, 0.196327, 20.2679)

[node name="@Node3D@65" type="Node3D" parent="." instance=ExtResource("1_k30f4")]
transform = Transform3D(0.898155, -0.000829565, -0.439679, 0, 0.999998, -0.00188675, 0.43968, 0.00169459, 0.898153, -1.35706, 0.197482, 19.9751)

[node name="@Node3D@66" type="Node3D" parent="." instance=ExtResource("1_k30f4")]
transform = Transform3D(0.825281, -0.000971047, -0.564721, 0, 0.999999, -0.00171951, 0.564722, 0.00141908, 0.82528, -1.19655, 0.197482, 19.7181)

[node name="@Node3D@67" type="Node3D" parent="." instance=ExtResource("1_k30f4")]
transform = Transform3D(0.792642, -0.00016879, -0.609687, 0, 1, -0.000276847, 0.609687, 0.000219441, 0.792642, -1.00742, 0.198546, 19.4642)

[node name="@Node3D@68" type="Node3D" parent="." instance=ExtResource("1_k30f4")]
transform = Transform3D(0.562266, 0.00124412, -0.826956, 0, 0.999999, 0.00150446, 0.826957, -0.000845907, 0.562265, -0.814443, 0.197655, 19.2214)

[node name="@Node3D@69" type="Node3D" parent="." instance=ExtResource("1_k30f4")]
transform = Transform3D(-0.0599598, 0, -0.998201, 0, 1, 0, 0.998201, 0, -0.0599598, -0.51762, 0.197655, 19.1312)

[node name="@Node3D@70" type="Node3D" parent="." instance=ExtResource("1_k30f4")]
transform = Transform3D(-0.399025, 0, -0.91694, 0, 1, 0, 0.91694, 0, -0.399025, -0.23501, 0.197655, 19.2562)

[node name="@Node3D@71" type="Node3D" parent="." instance=ExtResource("1_k30f4")]
transform = Transform3D(-0.282782, -0.00292243, -0.95918, 0, 0.999995, -0.00304678, 0.959184, -0.000861576, -0.282781, 0.0497053, 0.197655, 19.378)

[node name="@Node3D@72" type="Node3D" parent="." instance=ExtResource("1_k30f4")]
transform = Transform3D(-0.115979, -0.00297805, -0.993247, 0, 0.999996, -0.00299828, 0.993252, -0.000347737, -0.115978, 0.349534, 0.199512, 19.4285)

[node name="@Node3D@73" type="Node3D" parent="." instance=ExtResource("1_k30f4")]
transform = Transform3D(-0.0507888, 0.00117525, -0.998709, 0, 0.999999, 0.00117677, 0.998709, 5.97668e-05, -0.0507887, 0.664803, 0.199512, 19.4499)

[node name="@Node3D@74" type="Node3D" parent="." instance=ExtResource("1_k30f4")]
transform = Transform3D(-0.0281064, 0.0011908, -0.999604, 0, 0.999999, 0.00119127, 0.999605, 3.34822e-05, -0.0281063, 0.970447, 0.19878, 19.4601)

[node name="@Node3D@75" type="Node3D" parent="." instance=ExtResource("1_k30f4")]
transform = Transform3D(-0.0157605, 0, -0.999876, 0, 1, 0, 0.999876, 0, -0.0157605, 1.27871, 0.19878, 19.4671)

[node name="@Node3D@76" type="Node3D" parent="." instance=ExtResource("1_k30f4")]
transform = Transform3D(0.0798452, 0, -0.996807, 0, 1, 0, 0.996807, 0, 0.0798452, 1.59024, 0.19878, 19.4698)

[node name="@Node3D@77" type="Node3D" parent="." instance=ExtResource("1_k30f4")]
transform = Transform3D(0.167185, 0, -0.985925, 0, 1, 0, 0.985925, 0, 0.167185, 1.88732, 0.19878, 19.4184)

[node name="@Node3D@78" type="Node3D" parent="." instance=ExtResource("2_uqna8")]
transform = Transform3D(-0.347674, -0.0305173, -0.937119, 0, 0.99947, -0.0325478, 0.937615, -0.011316, -0.34749, 2.66805, -0.02, 19.1435)

[node name="@Node3D@79" type="Node3D" parent="." instance=ExtResource("2_uqna8")]
transform = Transform3D(-0.738222, -0.0122474, -0.674447, 0, 0.999835, -0.0181562, 0.674558, -0.0134033, -0.7381, 2.95595, -0.0100006, 19.2503)

[node name="@Node3D@80" type="Node3D" parent="." instance=ExtResource("2_uqna8")]
transform = Transform3D(-0.983911, 0, 0.178659, 0, 1, 0, -0.178659, 0, -0.983911, 3.0395, -0.0100006, 19.55)

[node name="@Node3D@81" type="Node3D" parent="." instance=ExtResource("2_uqna8")]
transform = Transform3D(0.139079, 0, 0.990281, 0, 1, 0, -0.990281, 0, 0.139079, 2.85799, -0.0100006, 19.7898)

[node name="@Node3D@82" type="Node3D" parent="." instance=ExtResource("2_uqna8")]
transform = Transform3D(0.974819, 0, 0.222995, 0, 1, 0, -0.222995, 0, 0.974819, 2.74984, -0.0100006, 19.5093)

[node name="@Node3D@83" type="Node3D" parent="." instance=ExtResource("2_uqna8")]
transform = Transform3D(0.99857, 0, -0.0534604, 0, 1, 0, 0.0534604, 0, 0.99857, 2.72281, -0.0100006, 19.1988)

[node name="@Node3D@84" type="Node3D" parent="." instance=ExtResource("2_uqna8")]
transform = Transform3D(0.935835, 0, -0.352438, 0, 1, 0, 0.352438, 0, 0.935835, 2.78264, -0.0100006, 18.8968)

[node name="@Node3D@85" type="Node3D" parent="." instance=ExtResource("2_uqna8")]
transform = Transform3D(0.846997, 0, -0.531597, 0, 1, 0, 0.531597, 0, 0.846997, 2.93442, -0.0100006, 18.637)

[node name="@Node3D@86" type="Node3D" parent="." instance=ExtResource("2_uqna8")]
transform = Transform3D(0.899615, 0, -0.436684, 0, 1, 0, 0.436684, 0, 0.899615, 3.10858, -0.0100006, 18.3775)

[node name="@Node3D@87" type="Node3D" parent="." instance=ExtResource("2_uqna8")]
transform = Transform3D(0.987884, 0, -0.155192, 0, 1, 0, 0.155192, 0, 0.987884, 3.20377, -0.0100006, 18.0821)

[node name="@Node3D@88" type="Node3D" parent="." instance=ExtResource("2_uqna8")]
transform = Transform3D(0.995053, 0, -0.0993498, 0, 1, 0, 0.0993498, 0, 0.995053, 3.20246, -0.0100006, 17.7799)

[node name="@Node3D@89" type="Node3D" parent="." instance=ExtResource("2_uqna8")]
transform = Transform3D(0.85281, 0, -0.522221, 0, 1, 0, 0.522221, 0, 0.85281, 3.26409, -0.0100006, 17.4779)

[node name="@Node3D@90" type="Node3D" parent="." instance=ExtResource("1_k30f4")]
transform = Transform3D(-0.996339, 0.000758013, -0.0854891, 0, 0.999961, 0.00886643, 0.0854925, 0.00883397, -0.9963, 3.96301, 0.2, 17.3368)

[node name="@Node3D@91" type="Node3D" parent="." instance=ExtResource("1_k30f4")]
transform = Transform3D(-0.980952, 0.000856072, -0.194248, 0, 0.99999, 0.00440706, 0.19425, 0.00432312, -0.980942, 3.98926, 0.197278, 17.6427)

[node name="@Node3D@92" type="Node3D" parent="." instance=ExtResource("1_k30f4")]
transform = Transform3D(-0.959312, 0, -0.282348, 0, 1, 0, 0.282348, 0, -0.959312, 4.083, 0.197278, 17.9427)

[node name="@Node3D@93" type="Node3D" parent="." instance=ExtResource("1_k30f4")]
transform = Transform3D(-0.931186, 0, -0.364544, 0, 1, 0, 0.364544, 0, -0.931186, 4.16572, 0.197278, 18.2422)

[node name="@Node3D@94" type="Node3D" parent="." instance=ExtResource("1_k30f4")]
transform = Transform3D(-0.826489, 0, -0.562953, 0, 1, 0, 0.562953, 0, -0.826489, 4.3085, 0.197278, 18.5188)

[node name="@Node3D@95" type="Node3D" parent="." instance=ExtResource("1_k30f4")]
transform = Transform3D(-0.83098, 0, -0.556302, 0, 1, 0, 0.556302, 0, -0.83098, 4.50966, 0.197278, 18.7472)

[node name="@Node3D@96" type="Node3D" parent="." instance=ExtResource("1_k30f4")]
transform = Transform3D(-0.826974, 0, -0.562241, 0, 1, 0, 0.562241, 0, -0.826974, 4.6433, 0.197278, 19.0189)

[node name="@Node3D@97" type="Node3D" parent="." instance=ExtResource("1_k30f4")]
transform = Transform3D(-0.228601, -0.0049325, -0.973508, 0, 0.999987, -0.00506667, 0.97352, -0.00115824, -0.228598, 4.84759, 0.197278, 19.2442)

[node name="@Node3D@98" type="Node3D" parent="." instance=ExtResource("1_k30f4")]
transform = Transform3D(0.670169, -0.00330522, -0.742201, 0, 0.99999, -0.00445322, 0.742208, 0.00298441, 0.670163, 5.12819, 0.199801, 19.1327)

[node name="@Node3D@99" type="Node3D" parent="." instance=ExtResource("1_k30f4")]
transform = Transform3D(0.99728, 0, -0.0737028, 0, 1, 0, 0.0737028, 0, 0.99728, 5.2682, 0.199801, 18.8645)

[node name="@Node3D@100" type="Node3D" parent="." instance=ExtResource("1_k30f4")]
transform = Transform3D(0.795047, 0, 0.606547, 0, 1, 0, -0.606547, 0, 0.795047, 5.16925, 0.199801, 18.5771)

[node name="@Node3D@101" type="Node3D" parent="." instance=ExtResource("1_k30f4")]
transform = Transform3D(0.60808, 0, 0.793876, 0, 1, 0, -0.793876, 0, 0.60808, 4.91197, 0.199801, 18.3975)

[node name="@Node3D@102" type="Node3D" parent="." instance=ExtResource("1_k30f4")]
transform = Transform3D(0.82093, 0, 0.571029, 0, 1, 0, -0.571029, 0, 0.82093, 4.67725, 0.199801, 18.2002)

[node name="@Node3D@103" type="Node3D" parent="." instance=ExtResource("1_k30f4")]
transform = Transform3D(0.982797, 0, 0.184691, 0, 1, 0, -0.184691, 0, 0.982797, 4.57329, 0.199801, 17.9106)

[node name="@Node3D@104" type="Node3D" parent="." instance=ExtResource("1_k30f4")]
transform = Transform3D(0.973476, 0, 0.228787, 0, 1, 0, -0.228787, 0, 0.973476, 4.56449, 0.199801, 17.6002)

[node name="@Node3D@105" type="Node3D" parent="." instance=ExtResource("1_k30f4")]
transform = Transform3D(0.897977, 0, 0.440042, 0, 1, 0, -0.440042, 0, 0.897977, 4.43381, 0.199801, 17.3171)

[node name="@Node3D@106" type="Node3D" parent="." instance=ExtResource("1_k30f4")]
transform = Transform3D(0.413171, 0, 0.910654, 0, 1, 0, -0.910654, 0, 0.413171, 4.29196, 0.199801, 17.044)

[node name="@Node3D@107" type="Node3D" parent="." instance=ExtResource("1_k30f4")]
transform = Transform3D(-0.733052, 0, 0.680173, 0, 1, 0, -0.680173, 0, -0.733052, 3.99901, 0.199801, 17.1199)

[node name="@Node3D@108" type="Node3D" parent="." instance=ExtResource("1_k30f4")]
transform = Transform3D(-0.999162, 0, 0.0409226, 0, 1, 0, -0.0409226, 0, -0.999162, 3.93876, 0.199801, 17.4247)

[node name="@Node3D@109" type="Node3D" parent="." instance=ExtResource("1_k30f4")]
transform = Transform3D(-0.955387, 0, -0.295357, 0, 1, 0, 0.295357, 0, -0.955387, 3.9737, 0.199801, 17.7377)

[node name="@Node3D@110" type="Node3D" parent="." instance=ExtResource("1_k30f4")]
transform = Transform3D(-0.912262, 0, -0.409607, 0, 1, 0, 0.409607, 0, -0.912262, 4.12065, 0.199801, 18.0131)

[node name="@Node3D@111" type="Node3D" parent="." instance=ExtResource("1_k30f4")]
transform = Transform3D(-0.930918, 0, -0.36523, 0, 1, 0, 0.36523, 0, -0.930918, 4.22605, 0.199801, 18.2997)

[node name="@Node3D@112" type="Node3D" parent="." instance=ExtResource("1_k30f4")]
transform = Transform3D(-0.931507, 0, -0.363724, 0, 1, 0, 0.363724, 0, -0.931507, 4.34586, 0.199801, 18.5871)

[node name="@Node3D@113" type="Node3D" parent="." instance=ExtResource("1_k30f4")]
transform = Transform3D(-0.935904, 0, -0.352255, 0, 1, 0, 0.352255, 0, -0.935904, 4.45367, 0.199801, 18.8826)

[node name="@Node3D@114" type="Node3D" parent="." instance=ExtResource("1_k30f4")]
transform = Transform3D(-0.935996, 0, -0.35201, 0, 1, 0, 0.35201, 0, -0.935996, 4.56845, 0.199801, 19.1785)

[node name="@Node3D@115" type="Node3D" parent="." instance=ExtResource("1_k30f4")]
transform = Transform3D(-0.946505, 0, -0.322691, 0, 1, 0, 0.322691, 0, -0.946505, 4.67107, 0.199801, 19.4607)

[node name="@Node3D@116" type="Node3D" parent="." instance=ExtResource("1_k30f4")]
transform = Transform3D(-0.973791, 0, -0.227443, 0, 1, 0, 0.227443, 0, -0.973791, 4.76242, 0.199801, 19.7474)

[node name="@Node3D@117" type="Node3D" parent="." instance=ExtResource("1_k30f4")]
transform = Transform3D(-0.996645, 0, -0.0818453, 0, 1, 0, 0.0818453, 0, -0.996645, 4.80829, 0.199801, 20.0482)

[node name="@Node3D@118" type="Node3D" parent="." instance=ExtResource("1_k30f4")]
transform = Transform3D(-0.998584, 0, 0.0531974, 0, 1, 0, -0.0531974, 0, -0.998584, 4.81195, 0.199801, 20.3506)

[node name="@Node3D@119" type="Node3D" parent="." instance=ExtResource("1_k30f4")]
transform = Transform3D(-0.995038, 0, -0.0994954, 0, 1, 0, 0.0994954, 0, -0.995038, 4.77583, 0.199801, 20.6576)

[node name="@Node3D@120" type="Node3D" parent="." instance=ExtResource("1_k30f4")]
transform = Transform3D(-0.909434, 0, -0.415848, 0, 1, 0, 0.415848, 0, -0.909434, 4.87212, 0.199801, 20.9523)

[node name="@Node3D@121" type="Node3D" parent="." instance=ExtResource("1_k30f4")]
transform = Transform3D(-0.85202, 0, -0.523509, 0, 1, 0, 0.523509, 0, -0.85202, 5.03054, 0.199801, 21.2147)

[node name="@Node3D@122" type="Node3D" parent="." instance=ExtResource("1_k30f4")]
transform = Transform3D(-0.754401, 0, -0.656413, 0, 1, 0, 0.656413, 0, -0.754401, 5.19804, 0.199801, 21.4828)

[node name="@Node3D@123" type="Node3D" parent="." instance=ExtResource("1_k30f4")]
transform = Transform3D(0.00780117, 0, -0.99997, 0, 1, 0, 0.99997, 0, 0.00780117, 5.43345, 0.199801, 21.6777)

[node name="@Node3D@124" type="Node3D" parent="." instance=ExtResource("1_k30f4")]
transform = Transform3D(0.679733, 0, -0.73346, 0, 1, 0, 0.73346, 0, 0.679733, 5.6589, 0.199801, 21.4792)

[node name="@Node3D@125" type="Node3D" parent="." instance=ExtResource("1_k30f4")]
transform = Transform3D(0.399471, 0, -0.916746, 0, 1, 0, 0.916746, 0, 0.399471, 5.8777, 0.199801, 21.266)

[node name="@Node3D@126" type="Node3D" parent="." instance=ExtResource("1_k30f4")]
transform = Transform3D(0.186816, 0, -0.982395, 0, 1, 0, 0.982395, 0, 0.186816, 6.18257, 0.199801, 21.251)

[node name="@Node3D@127" type="Node3D" parent="." instance=ExtResource("1_k30f4")]
transform = Transform3D(0.551547, 0, -0.834144, 0, 1, 0, 0.834144, 0, 0.551547, 6.46784, 0.199801, 21.1538)

[node name="@Node3D@128" type="Node3D" parent="." instance=ExtResource("1_k30f4")]
transform = Transform3D(0.871016, -0.000258247, -0.491254, 0, 1, -0.00052569, 0.491254, 0.000457884, 0.871016, 6.67321, 0.199801, 20.9266)

[node name="@Node3D@129" type="Node3D" parent="." instance=ExtResource("1_k30f4")]
transform = Transform3D(0.978033, 0.000771946, -0.208451, 0, 0.999993, 0.00370323, 0.208452, -0.00362188, 0.978026, 6.76066, 0.200115, 20.6346)

[node name="@Node3D@130" type="Node3D" parent="." instance=ExtResource("1_k30f4")]
transform = Transform3D(0.970435, 0.00101667, -0.24136, 0, 0.999991, 0.00421223, 0.241362, -0.00408769, 0.970426, 6.80072, 0.197536, 20.3283)

[node name="@Node3D@131" type="Node3D" parent="." instance=ExtResource("1_k30f4")]
transform = Transform3D(0.88914, 0, -0.457635, 0, 1, 0, 0.457635, 0, 0.88914, 6.90841, 0.197536, 20.0405)

[node name="@Node3D@132" type="Node3D" parent="." instance=ExtResource("1_k30f4")]
transform = Transform3D(0.795769, 0, -0.6056, 0, 1, 0, 0.6056, 0, 0.795769, 7.08324, 0.197536, 19.7794)

[node name="@Node3D@133" type="Node3D" parent="." instance=ExtResource("1_k30f4")]
transform = Transform3D(0.632617, -0.00309921, -0.774459, 0, 0.999992, -0.00400174, 0.774465, 0.00253157, 0.632612, 7.2811, 0.197536, 19.5508)

[node name="@Node3D@134" type="Node3D" parent="." instance=ExtResource("1_k30f4")]
transform = Transform3D(0.366611, -0.00164048, -0.930373, 0, 0.999998, -0.00176325, 0.930374, 0.000646427, 0.36661, 7.54477, 0.199921, 19.4024)

[node name="@Node3D@135" type="Node3D" parent="." instance=ExtResource("1_k30f4")]
transform = Transform3D(0.122875, 0.00212668, -0.99242, 0, 0.999998, 0.00214292, 0.992422, -0.000263312, 0.122875, 7.84901, 0.198612, 19.327)

[node name="@Node3D@136" type="Node3D" parent="." instance=ExtResource("1_k30f4")]
transform = Transform3D(-0.225373, 0.00207885, -0.97427, 0, 0.999998, 0.00213374, 0.974273, 0.000480886, -0.225372, 8.15076, 0.198612, 19.3274)

[node name="@Node3D@137" type="Node3D" parent="." instance=ExtResource("1_k30f4")]
transform = Transform3D(-0.576189, 0.00170663, -0.817314, 0, 0.999998, 0.00208809, 0.817316, 0.00120314, -0.576188, 8.43338, 0.197333, 19.4622)

[node name="@Node3D@138" type="Node3D" parent="." instance=ExtResource("1_k30f4")]
transform = Transform3D(-0.844051, 0, -0.536262, 0, 1, 0, 0.536262, 0, -0.844051, 8.65171, 0.197333, 19.6805)

[node name="@Node3D@139" type="Node3D" parent="." instance=ExtResource("1_k30f4")]
transform = Transform3D(-0.923072, 0, -0.384627, 0, 1, 0, 0.384627, 0, -0.923072, 8.75682, 0.197333, 19.9713)

[node name="@Node3D@140" type="Node3D" parent="." instance=ExtResource("1_k30f4")]
transform = Transform3D(-0.948769, 0, -0.315972, 0, 1, 0, 0.315972, 0, -0.948769, 8.88613, 0.197333, 20.2431)

[node name="@Node3D@141" type="Node3D" parent="." instance=ExtResource("1_k30f4")]
transform = Transform3D(-0.989398, -0.000408742, -0.145229, 0, 0.999996, -0.00281446, 0.14523, -0.00278462, -0.989394, 8.94644, 0.197333, 20.5407)

[node name="@Node3D@142" type="Node3D" parent="." instance=ExtResource("1_k30f4")]
transform = Transform3D(-0.99934, -3.01605e-05, -0.0363231, 0, 1, -0.000830339, 0.0363231, -0.000829791, -0.99934, 8.97624, 0.199079, 20.857)

[node name="@Node3D@143" type="Node3D" parent="." instance=ExtResource("1_k30f4")]
transform = Transform3D(-0.999962, -1.76998e-05, 0.00869134, 0, 0.999998, 0.00203649, -0.00869135, 0.00203641, -0.99996, 8.96898, 0.197848, 21.1608)

[node name="@Node3D@144" type="Node3D" parent="." instance=ExtResource("1_k30f4")]
transform = Transform3D(-0.958082, 2.0253e-05, -0.286493, 0, 1, 7.06931e-05, 0.286493, 6.77298e-05, -0.958082, 8.97099, 0.197848, 21.4615)

[node name="@Node3D@145" type="Node3D" parent="." instance=ExtResource("1_k30f4")]
transform = Transform3D(-0.495402, -0.00403716, -0.868654, 0, 0.999989, -0.00464755, 0.868664, -0.00230241, -0.495397, 9.13481, 0.197807, 21.7154)

[node name="@Node3D@146" type="Node3D" parent="." instance=ExtResource("1_k30f4")]
transform = Transform3D(0.238402, 7.00759e-05, -0.971167, 0, 1, 7.21564e-05, 0.971167, -1.72022e-05, 0.238402, 9.44447, 0.200381, 21.7315)

[node name="@Node3D@147" type="Node3D" parent="." instance=ExtResource("1_k30f4")]
transform = Transform3D(0.561712, 0.00121108, -0.827332, 0, 0.999999, 0.00146383, 0.827333, -0.000822252, 0.561711, 9.71362, 0.197764, 21.5733)

[node name="@Node3D@148" type="Node3D" parent="." instance=ExtResource("1_k30f4")]
transform = Transform3D(0.648838, -0.00211821, -0.760924, 0, 0.999996, -0.00278373, 0.760927, 0.00180619, 0.648835, 9.95571, 0.199477, 21.3844)

[node name="@Node3D@149" type="Node3D" parent="." instance=ExtResource("1_k30f4")]
transform = Transform3D(0.774049, 0, -0.633126, 0, 1, 0, 0.633126, 0, 0.774049, 10.1818, 0.199477, 21.1741)

[node name="@Node3D@150" type="Node3D" parent="." instance=ExtResource("1_k30f4")]
transform = Transform3D(0.922455, 0, -0.386104, 0, 1, 0, 0.386104, 0, 0.922455, 10.3392, 0.199477, 20.9155)

[node name="@Node3D@151" type="Node3D" parent="." instance=ExtResource("1_k30f4")]
transform = Transform3D(0.983307, 0, -0.181954, 0, 1, 0, 0.181954, 0, 0.983307, 10.4148, 0.199477, 20.6174)

[node name="@Node3D@152" type="Node3D" parent="." instance=ExtResource("1_k30f4")]
transform = Transform3D(0.995659, 0, -0.0930809, 0, 1, 0, 0.0930809, 0, 0.995659, 10.4495, 0.199477, 20.3192)

[node name="@Node3D@153" type="Node3D" parent="." instance=ExtResource("1_k30f4")]
transform = Transform3D(0.988562, 0, -0.150814, 0, 1, 0, 0.150814, 0, 0.988562, 10.4713, 0.199477, 20.0134)

[node name="@Node3D@154" type="Node3D" parent="." instance=ExtResource("1_k30f4")]
transform = Transform3D(0.982078, 0, -0.188473, 0, 1, 0, 0.188473, 0, 0.982078, 10.5407, 0.199477, 19.7214)

[node name="@Node3D@155" type="Node3D" parent="." instance=ExtResource("1_k30f4")]
transform = Transform3D(0.994035, 0, -0.109065, 0, 1, 0, 0.109065, 0, 0.994035, 10.5851, 0.199477, 19.4204)

[node name="@Node3D@156" type="Node3D" parent="." instance=ExtResource("1_k30f4")]
transform = Transform3D(0.987512, 0, -0.157544, 0, 1, 0, 0.157544, 0, 0.987512, 10.6076, 0.199477, 19.1125)

[node name="@Node3D@157" type="Node3D" parent="." instance=ExtResource("1_k30f4")]
transform = Transform3D(0.944869, 0, -0.327449, 0, 1, 0, 0.327449, 0, 0.944869, 10.6834, 0.199477, 18.804)

[node name="@Node3D@158" type="Node3D" parent="." instance=ExtResource("1_k30f4")]
transform = Transform3D(0.844351, 0, -0.53579, 0, 1, 0, 0.53579, 0, 0.844351, 10.8144, 0.199477, 18.5155)

[node name="@Node3D@159" type="Node3D" parent="." instance=ExtResource("1_k30f4")]
transform = Transform3D(0.751009, 0, -0.660292, 0, 1, 0, 0.660292, 0, 0.751009, 11.0162, 0.199477, 18.2796)

[node name="@Node3D@160" type="Node3D" parent="." instance=ExtResource("2_uqna8")]
transform = Transform3D(0.116875, -0.0325884, -0.992612, 0, 0.999461, -0.0328133, 0.993147, 0.00383507, 0.116812, 11.7711, -0.02, 18.2086)

[node name="@Node3D@161" type="Node3D" parent="." instance=ExtResource("2_uqna8")]
transform = Transform3D(0.0762717, -0.0161832, -0.996956, 0, 0.999868, -0.0162305, 0.997087, 0.00123793, 0.0762617, 12.0736, -0.0100006, 18.173)

[node name="@Node3D@162" type="Node3D" parent="." instance=ExtResource("2_uqna8")]
transform = Transform3D(0.184467, 0, -0.982839, 0, 1, 0, 0.982839, 0, 0.184467, 12.3853, -0.0100006, 18.1616)

[node name="@Node3D@163" type="Node3D" parent="." instance=ExtResource("2_uqna8")]
transform = Transform3D(0.446397, 0, -0.894835, 0, 1, 0, 0.894835, 0, 0.446397, 12.6766, -0.0100006, 18.0598)

[node name="@Node3D@164" type="Node3D" parent="." instance=ExtResource("2_uqna8")]
transform = Transform3D(0.50366, 0, -0.863902, 0, 1, 0, 0.863902, 0, 0.50366, 12.9315, -0.0100006, 17.8892)

[node name="@Node3D@165" type="Node3D" parent="." instance=ExtResource("2_uqna8")]
transform = Transform3D(0.204227, 0, -0.978923, 0, 1, 0, 0.978923, 0, 0.204227, 13.2049, -0.0100006, 17.7518)

[node name="@Node3D@166" type="Node3D" parent="." instance=ExtResource("2_uqna8")]
transform = Transform3D(0.156166, 0, -0.987731, 0, 1, 0, 0.987731, 0, 0.156166, 13.5162, -0.0100006, 17.7672)

[node name="@Node3D@167" type="Node3D" parent="." instance=ExtResource("2_uqna8")]
transform = Transform3D(0.646659, 0, -0.762779, 0, 1, 0, 0.762779, 0, 0.646659, 13.8034, -0.0100006, 17.6572)

[node name="@Node3D@168" type="Node3D" parent="." instance=ExtResource("2_uqna8")]
transform = Transform3D(0.651357, 0, -0.758771, 0, 1, 0, 0.758771, 0, 0.651357, 13.9564, -0.0100006, 17.394)

[node name="@Node3D@169" type="Node3D" parent="." instance=ExtResource("2_uqna8")]
transform = Transform3D(-0.0629789, 0, -0.998015, 0, 1, 0, 0.998015, 0, -0.0629789, 14.2384, -0.0100006, 17.2838)

[node name="@Node3D@170" type="Node3D" parent="." instance=ExtResource("2_uqna8")]
transform = Transform3D(-0.549705, 0, -0.835359, 0, 1, 0, 0.835359, 0, -0.549705, 14.5141, -0.0100006, 17.4292)

[node name="@Node3D@171" type="Node3D" parent="." instance=ExtResource("2_uqna8")]
transform = Transform3D(-0.650506, 0, -0.759501, 0, 1, 0, 0.759501, 0, -0.650506, 14.7586, -0.0100006, 17.6261)

[node name="@Node3D@172" type="Node3D" parent="." instance=ExtResource("2_uqna8")]
transform = Transform3D(-0.682006, 0, -0.731347, 0, 1, 0, 0.731347, 0, -0.682006, 14.9926, -0.0100006, 17.839)

[node name="@Node3D@173" type="Node3D" parent="." instance=ExtResource("2_uqna8")]
transform = Transform3D(-0.695232, 0, -0.718786, 0, 1, 0, 0.718786, 0, -0.695232, 15.2141, -0.0100006, 18.0508)

[node name="@Node3D@174" type="Node3D" parent="." instance=ExtResource("2_uqna8")]
transform = Transform3D(-0.701251, 0, -0.712915, 0, 1, 0, 0.712915, 0, -0.701251, 15.4362, -0.0100006, 18.2681)

[node name="@Node3D@175" type="Node3D" parent="." instance=ExtResource("2_uqna8")]
transform = Transform3D(-0.666757, 0, -0.745276, 0, 1, 0, 0.745276, 0, -0.666757, 15.6586, -0.0100006, 18.4881)

[node name="@Node3D@176" type="Node3D" parent="." instance=ExtResource("2_uqna8")]
transform = Transform3D(-0.772943, 6.82845e-05, 0.634475, 0, 1, -0.000107623, -0.634475, -8.31868e-05, -0.772943, 15.8959, -0.0100006, 18.6794)

[node name="@Node3D@177" type="Node3D" parent="." instance=ExtResource("2_uqna8")]
transform = Transform3D(0.55086, 7.06389e-06, 0.834598, 0, 1, -8.46383e-06, -0.834598, 4.66238e-06, 0.55086, 15.6279, -0.00999543, 18.5255)

[node name="@Node3D@178" type="Node3D" parent="." instance=ExtResource("2_uqna8")]
transform = Transform3D(0.633313, 0, 0.773896, 0, 1, 0, -0.773896, 0, 0.633313, 15.3823, -0.00999543, 18.3404)

[node name="@Node3D@179" type="Node3D" parent="." instance=ExtResource("2_uqna8")]
transform = Transform3D(0.674863, 0, 0.737943, 0, 1, 0, -0.737943, 0, 0.674863, 15.1479, -0.00999543, 18.1327)

[node name="@Node3D@180" type="Node3D" parent="." instance=ExtResource("2_uqna8")]
transform = Transform3D(0.691975, 0, 0.721922, 0, 1, 0, -0.721922, 0, 0.691975, 14.9263, -0.00999543, 17.9233)

[node name="@Node3D@181" type="Node3D" parent="." instance=ExtResource("2_uqna8")]
transform = Transform3D(0.644804, 0, 0.764348, 0, 1, 0, -0.764348, 0, 0.644804, 14.7041, -0.00999543, 17.7073)

[node name="@Node3D@182" type="Node3D" parent="." instance=ExtResource("2_uqna8")]
transform = Transform3D(0.466635, 0, 0.88445, 0, 1, 0, -0.88445, 0, 0.466635, 14.4604, -0.00999543, 17.5304)

[node name="@Node3D@183" type="Node3D" parent="." instance=ExtResource("2_uqna8")]
transform = Transform3D(0.416233, 0, 0.909258, 0, 1, 0, -0.909258, 0, 0.416233, 14.1665, -0.00999543, 17.4237)

[node name="@Node3D@184" type="Node3D" parent="." instance=ExtResource("2_uqna8")]
transform = Transform3D(0.606366, 0, 0.795186, 0, 1, 0, -0.795186, 0, 0.606366, 13.8914, -0.00999543, 17.2699)

[node name="@Node3D@185" type="Node3D" parent="." instance=ExtResource("2_uqna8")]
transform = Transform3D(0.791754, 0, 0.610841, 0, 1, 0, -0.610841, 0, 0.791754, 13.6788, -0.00999543, 17.0518)

[node name="@Node3D@186" type="Node3D" parent="." instance=ExtResource("1_k30f4")]
transform = Transform3D(0.628826, 0.00889157, -0.777495, 0, 0.999935, 0.0114354, 0.777546, -0.00719089, 0.628785, 13.7097, 0.2, 16.3714)

[node name="@Node3D@187" type="Node3D" parent="." instance=ExtResource("1_k30f4")]
transform = Transform3D(0.0291922, 0.00431415, -0.999565, 0, 0.999991, 0.00431599, 0.999574, -0.000125993, 0.0291919, 13.9448, 0.196542, 16.1812)

[node name="@Node3D@188" type="Node3D" parent="." instance=ExtResource("1_k30f4")]
transform = Transform3D(-0.571293, -0.00178932, -0.820744, 0, 0.999998, -0.00218011, 0.820746, -0.00124548, -0.571292, 14.1959, 0.197901, 16.3572)

[node name="@Node3D@189" type="Node3D" parent="." instance=ExtResource("1_k30f4")]
transform = Transform3D(-0.436825, 0, -0.899546, 0, 1, 0, 0.899546, 0, -0.436825, 14.4564, 0.197901, 16.5373)

[node name="@Node3D@190" type="Node3D" parent="." instance=ExtResource("1_k30f4")]
transform = Transform3D(-0.213616, 0, -0.976918, 0, 1, 0, 0.976918, 0, -0.213616, 14.7577, 0.197901, 16.63)

[node name="@Node3D@191" type="Node3D" parent="." instance=ExtResource("1_k30f4")]
transform = Transform3D(-0.200316, 0, -0.979731, 0, 1, 0, 0.979731, 0, -0.200316, 15.0689, 0.197901, 16.6712)

[node name="@Node3D@192" type="Node3D" parent="." instance=ExtResource("1_k30f4")]
transform = Transform3D(-0.361779, -0.000244556, -0.932264, 0, 1, -0.000262325, 0.932264, -9.49035e-05, -0.361779, 15.3698, 0.197901, 16.7551)

[node name="@Node3D@193" type="Node3D" parent="." instance=ExtResource("1_k30f4")]
transform = Transform3D(-0.406604, -0.00023907, -0.913604, 0, 1, -0.000261677, 0.913604, -0.000106399, -0.406604, 15.6476, 0.198063, 16.8958)

[node name="@Node3D@194" type="Node3D" parent="." instance=ExtResource("1_k30f4")]
transform = Transform3D(-0.454652, -0.00239859, -0.890666, 0, 0.999996, -0.00269302, 0.890669, -0.00122439, -0.454651, 15.9383, 0.198063, 17.0082)

[node name="@Node3D@195" type="Node3D" parent="." instance=ExtResource("1_k30f4")]
