[gd_scene load_steps=2 format=3]

[ext_resource type="PackedScene" path="res://route_markerSIMPLE.tscn" id="1_lodsc"]

[node name="RouteContainer" type="Node3D"]

[node name="RouteMarker" type="Node3D" parent="." instance=ExtResource("1_lodsc")]
transform = Transform3D(0.00618104, 0.0836361, -0.996477, 0, 0.996496, 0.0836377, 0.999981, -0.000516968, 0.00615938, -2.37755, 0.168062, -1.38555)

[node name="@Node3D@2" type="Node3D" parent="." instance=ExtResource("1_lodsc")]
transform = Transform3D(-0.14898, 0.0419047, -0.987952, 0, 0.999102, 0.0423777, 0.98884, 0.00631341, -0.148846, -2.06666, 0.141968, -1.38747)

[node name="@Node3D@3" type="Node3D" parent="." instance=ExtResource("1_lodsc")]
transform = Transform3D(-0.438574, 0, -0.898695, 0, 1, 0, 0.898695, 0, -0.438574, -1.76922, 0.141968, -1.2939)

[node name="@Node3D@4" type="Node3D" parent="." instance=ExtResource("1_lodsc")]
transform = Transform3D(-0.608431, 0, -0.793607, 0, 1, 0, 0.793607, 0, -0.608431, -1.51097, 0.141968, -1.11629)

[node name="@Node3D@5" type="Node3D" parent="." instance=ExtResource("1_lodsc")]
transform = Transform3D(-0.67664, -0.00428377, -0.736301, 0, 0.999983, -0.00581786, 0.736314, -0.0039366, -0.676629, -1.27094, 0.141968, -0.911886)

[node name="@Node3D@6" type="Node3D" parent="." instance=ExtResource("1_lodsc")]
transform = Transform3D(-0.0857767, -0.0164819, -0.996178, 0, 0.999863, -0.0165428, 0.996314, -0.00141899, -0.085765, -1.0575, 0.145551, -0.69957)

[node name="@Node3D@7" type="Node3D" parent="." instance=ExtResource("1_lodsc")]
transform = Transform3D(0.547171, -0.00332365, -0.837014, 0, 0.999992, -0.00397081, 0.837021, 0.00217271, 0.547167, -0.805099, 0.149704, -0.87178)

[node name="@Node3D@8" type="Node3D" parent="." instance=ExtResource("1_lodsc")]
transform = Transform3D(0.29947, 0.00274844, -0.954102, 0, 0.999996, 0.00288065, 0.954106, -0.000862667, 0.299469, -0.544546, 0.147985, -1.0349)

[node name="@Node3D@9" type="Node3D" parent="." instance=ExtResource("1_lodsc")]
transform = Transform3D(-0.406987, 0, -0.913434, 0, 1, 0, 0.913434, 0, -0.406987, -0.23563, 0.147985, -1.05052)

[node name="@Node3D@10" type="Node3D" parent="." instance=ExtResource("1_lodsc")]
transform = Transform3D(-0.903154, 0, -0.429316, 0, 1, 0, 0.429316, 0, -0.903154, -0.0418198, 0.147985, -0.810904)

[node name="@Node3D@11" type="Node3D" parent="." instance=ExtResource("1_lodsc")]
transform = Transform3D(-0.962171, 0, -0.272446, 0, 1, 0, 0.272446, 0, -0.962171, 0.0227127, 0.147985, -0.507047)

[node name="@Node3D@12" type="Node3D" parent="." instance=ExtResource("1_lodsc")]
transform = Transform3D(-0.898452, 0, -0.439072, 0, 1, 0, 0.439072, 0, -0.898452, 0.128148, 0.147985, -0.210645)

[node name="@Node3D@13" type="Node3D" parent="." instance=ExtResource("1_lodsc")]
transform = Transform3D(-0.889437, -0.00224072, -0.457052, 0, 0.999988, -0.0049025, 0.457058, -0.00436046, -0.889426, 0.294964, 0.147985, 0.0500475)

[node name="@Node3D@14" type="Node3D" parent="." instance=ExtResource("1_lodsc")]
transform = Transform3D(-0.962924, -0.00132, -0.269768, 0, 0.999988, -0.00489304, 0.269771, -0.00471163, -0.962913, 0.406169, 0.150967, 0.330384)

[node name="@Node3D@15" type="Node3D" parent="." instance=ExtResource("1_lodsc")]
transform = Transform3D(-0.991952, 0, -0.126616, 0, 1, 0, 0.126616, 0, -0.991952, 0.459378, 0.150967, 0.63691)

[node name="@Node3D@16" type="Node3D" parent="." instance=ExtResource("1_lodsc")]
transform = Transform3D(-0.998196, 0, -0.0600312, 0, 1, 0, 0.0600312, 0, -0.998196, 0.483847, 0.150967, 0.938941)

[node name="@Node3D@17" type="Node3D" parent="." instance=ExtResource("1_lodsc")]
transform = Transform3D(-0.999561, 0, -0.0296219, 0, 1, 0, 0.0296219, 0, -0.999561, 0.496095, 0.150967, 1.24743)

[node name="@Node3D@18" type="Node3D" parent="." instance=ExtResource("1_lodsc")]
transform = Transform3D(-0.999892, 0, -0.0147198, 0, 1, 0, 0.0147198, 0, -0.999892, 0.502227, 0.150967, 1.55915)

[node name="@Node3D@19" type="Node3D" parent="." instance=ExtResource("1_lodsc")]
transform = Transform3D(-0.999973, 0, -0.00734123, 0, 1, 0, 0.00734123, 0, -0.999973, 0.505296, 0.150967, 1.87249)

[node name="@Node3D@20" type="Node3D" parent="." instance=ExtResource("1_lodsc")]
transform = Transform3D(-0.999993, 0, -0.00367036, 0, 1, 0, 0.00367036, 0, -0.999993, 0.506833, 0.150967, 2.18664)

[node name="@Node3D@21" type="Node3D" parent="." instance=ExtResource("1_lodsc")]
transform = Transform3D(-0.999997, 7.24233e-06, -0.00231208, 0, 0.999995, 0.00313237, 0.00231209, 0.00313236, -0.999992, 0.507604, 0.150967, 2.5012)

[node name="@Node3D@22" type="Node3D" parent="." instance=ExtResource("1_lodsc")]
transform = Transform3D(-0.999992, 1.25437e-05, -0.00400221, 0, 0.999995, 0.00313418, 0.00400223, 0.00313415, -0.999987, 0.508288, 0.148996, 2.81584)

[node name="@Node3D@23" type="Node3D" parent="." instance=ExtResource("1_lodsc")]
transform = Transform3D(-0.99999, 0, -0.00437488, 0, 1, 0, 0.00437488, 0, -0.99999, 0.510121, 0.148996, 3.13003)

[node name="@Node3D@24" type="Node3D" parent="." instance=ExtResource("1_lodsc")]
transform = Transform3D(-0.999998, 0, -0.00219074, 0, 1, 0, 0.00219074, 0, -0.999998, 0.511039, 0.148996, 3.44461)

[node name="@Node3D@25" type="Node3D" parent="." instance=ExtResource("1_lodsc")]
transform = Transform3D(-0.999999, 0, -0.00109926, 0, 1, 0, 0.00109926, 0, -0.999999, 0.5115, 0.148996, 3.75937)
