[gd_scene load_steps=3 format=3]

[ext_resource type="PackedScene" path="res://route_markerSIMPLE.tscn" id="1_je06k"]
[ext_resource type="PackedScene" path="res://route_marker_blue.tscn" id="2_6mgqd"]

[node name="RouteContainer" type="Node3D"]

[node name="RouteMarker" type="Node3D" parent="." instance=ExtResource("1_je06k")]
transform = Transform3D(0.92528, -0.00335419, 0.37927, 0, 0.999961, 0.00884345, -0.379285, -0.00818267, 0.925244, 2.47649, 0.2, 21.5512)

[node name="@Node3D@2" type="Node3D" parent="." instance=ExtResource("1_je06k")]
transform = Transform3D(0.865403, -0.00223921, 0.501071, 0, 0.99999, 0.00446879, -0.501076, -0.00386731, 0.865394, 2.35974, 0.197278, 21.2664)

[node name="@Node3D@3" type="Node3D" parent="." instance=ExtResource("1_je06k")]
transform = Transform3D(0.86942, 0, 0.494074, 0, 1, 0, -0.494074, 0, 0.86942, 2.17125, 0.197278, 21.024)

[node name="@Node3D@4" type="Node3D" parent="." instance=ExtResource("1_je06k")]
transform = Transform3D(0.949844, 0.000725894, 0.312725, 0, 0.999997, -0.00232119, -0.312725, 0.00220476, 0.949841, 2.05844, 0.197278, 20.7362)

[node name="@Node3D@5" type="Node3D" parent="." instance=ExtResource("1_je06k")]
transform = Transform3D(0.966662, 0.00058822, 0.256056, 0, 0.999997, -0.00229723, -0.256056, 0.00222064, 0.966659, 1.98032, 0.198695, 20.4441)

[node name="@Node3D@6" type="Node3D" parent="." instance=ExtResource("1_je06k")]
transform = Transform3D(0.965759, -0.000354944, 0.25944, 0, 0.999999, 0.00136811, -0.259441, -0.00132127, 0.965758, 1.90047, 0.198695, 20.1398)

[node name="@Node3D@7" type="Node3D" parent="." instance=ExtResource("1_je06k")]
transform = Transform3D(0.971263, -0.000330987, 0.23801, 0, 0.999999, 0.00139064, -0.23801, -0.00135068, 0.971262, 1.8208, 0.197854, 19.8503)

[node name="@Node3D@8" type="Node3D" parent="." instance=ExtResource("1_je06k")]
transform = Transform3D(0.97284, 0, 0.231477, 0, 1, 0, -0.231477, 0, 0.97284, 1.75651, 0.197854, 19.5523)

[node name="@Node3D@9" type="Node3D" parent="." instance=ExtResource("1_je06k")]
transform = Transform3D(0.959535, 0, 0.28159, 0, 1, 0, -0.28159, 0, 0.959535, 1.67938, 0.197854, 19.2559)

[node name="@Node3D@10" type="Node3D" parent="." instance=ExtResource("1_je06k")]
transform = Transform3D(0.946288, 0, 0.323324, 0, 1, 0, -0.323324, 0, 0.946288, 1.58384, 0.197854, 18.964)

[node name="@Node3D@11" type="Node3D" parent="." instance=ExtResource("1_je06k")]
transform = Transform3D(0.945814, 0, 0.324708, 0, 1, 0, -0.324708, 0, 0.945814, 1.48047, 0.197854, 18.6738)

[node name="@Node3D@12" type="Node3D" parent="." instance=ExtResource("1_je06k")]
transform = Transform3D(0.954887, 0, 0.29697, 0, 1, 0, -0.29697, 0, 0.954887, 1.38364, 0.197854, 18.3808)

[node name="@Node3D@13" type="Node3D" parent="." instance=ExtResource("1_je06k")]
transform = Transform3D(0.959944, 0, 0.280193, 0, 1, 0, -0.280193, 0, 0.959944, 1.29709, 0.197854, 18.0841)

[node name="@Node3D@14" type="Node3D" parent="." instance=ExtResource("1_je06k")]
transform = Transform3D(0.943947, 0.000111745, 0.330097, 0, 1, -0.000338521, -0.330097, 0.000319546, 0.943947, 1.21031, 0.197854, 17.787)

[node name="@Node3D@15" type="Node3D" parent="." instance=ExtResource("1_je06k")]
transform = Transform3D(0.910619, 0.0013368, 0.413245, 0, 0.999995, -0.00323487, -0.413247, 0.00294573, 0.910614, 1.09457, 0.198062, 17.505)

[node name="@Node3D@16" type="Node3D" parent="." instance=ExtResource("1_je06k")]
transform = Transform3D(0.907063, 0.00122618, 0.420992, 0, 0.999996, -0.00291259, -0.420994, 0.0026419, 0.90706, 0.959792, 0.199815, 17.235)

[node name="@Node3D@17" type="Node3D" parent="." instance=ExtResource("1_je06k")]
transform = Transform3D(0.936847, 0, 0.34974, 0, 1, 0, -0.34974, 0, 0.936847, 0.841131, 0.199815, 16.959)

[node name="@Node3D@18" type="Node3D" parent="." instance=ExtResource("1_je06k")]
transform = Transform3D(0.945235, 0, 0.326391, 0, 1, 0, -0.326391, 0, 0.945235, 0.74867, 0.199815, 16.6694)

[node name="@Node3D@19" type="Node3D" parent="." instance=ExtResource("1_je06k")]
transform = Transform3D(0.906509, 0, 0.422186, 0, 1, 0, -0.422186, 0, 0.906509, 0.642311, 0.199815, 16.3832)

[node name="@Node3D@20" type="Node3D" parent="." instance=ExtResource("1_je06k")]
transform = Transform3D(0.833921, 0, 0.551884, 0, 1, 0, -0.551884, 0, 0.833921, 0.49209, 0.199815, 16.1185)

[node name="@Node3D@21" type="Node3D" parent="." instance=ExtResource("1_je06k")]
transform = Transform3D(0.773549, 0, 0.633737, 0, 1, 0, -0.633737, 0, 0.773549, 0.305794, 0.199815, 15.8747)

[node name="@Node3D@22" type="Node3D" parent="." instance=ExtResource("1_je06k")]
transform = Transform3D(0.744167, 0, 0.667994, 0, 1, 0, -0.667994, 0, 0.744167, 0.10125, 0.199815, 15.6414)

[node name="@Node3D@23" type="Node3D" parent="." instance=ExtResource("1_je06k")]
transform = Transform3D(0.391636, 0, 0.92012, 0, 1, 0, -0.92012, 0, 0.391636, -0.103985, 0.199815, 15.4182)

[node name="@Node3D@24" type="Node3D" parent="." instance=ExtResource("1_je06k")]
transform = Transform3D(-0.525623, 0, 0.850717, 0, 1, 0, -0.850717, 0, -0.525623, -0.404966, 0.199815, 15.426)

[node name="@Node3D@25" type="Node3D" parent="." instance=ExtResource("1_je06k")]
transform = Transform3D(-0.938419, 0, 0.3455, 0, 1, 0, -0.3455, 0, -0.938419, -0.551639, 0.199815, 15.6948)

[node name="@Node3D@26" type="Node3D" parent="." instance=ExtResource("1_je06k")]
transform = Transform3D(-0.964661, 0.000133078, 0.263496, 0, 1, -0.000505048, -0.263496, -0.0004872, -0.96466, -0.614245, 0.199815, 15.9944)

[node name="@Node3D@27" type="Node3D" parent="." instance=ExtResource("1_je06k")]
transform = Transform3D(-0.915004, -0.00139138, 0.403442, 0, 0.999994, 0.00344874, -0.403445, 0.00315561, -0.914998, -0.712396, 0.200123, 16.2833)

[node name="@Node3D@28" type="Node3D" parent="." instance=ExtResource("1_je06k")]
transform = Transform3D(-0.847147, -0.00211025, 0.531354, 0, 0.999992, 0.00397142, -0.531359, 0.00336438, -0.84714, -0.862132, 0.197696, 16.5566)

[node name="@Node3D@29" type="Node3D" parent="." instance=ExtResource("1_je06k")]
transform = Transform3D(-0.850494, 0, 0.525985, 0, 1, 0, -0.525985, 0, -0.850494, -1.03713, 0.197696, 16.801)

[node name="@Node3D@30" type="Node3D" parent="." instance=ExtResource("1_je06k")]
transform = Transform3D(-0.894893, 0, 0.44628, 0, 1, 0, -0.44628, 0, -0.894893, -1.17746, 0.197696, 17.0665)

[node name="@Node3D@31" type="Node3D" parent="." instance=ExtResource("1_je06k")]
transform = Transform3D(-0.888949, 0, 0.458006, 0, 1, 0, -0.458006, 0, -0.888949, -1.30654, 0.197696, 17.3412)

[node name="@Node3D@32" type="Node3D" parent="." instance=ExtResource("1_je06k")]
transform = Transform3D(-0.888285, 0, 0.459293, 0, 1, 0, -0.459293, 0, -0.888285, -1.45643, 0.197696, 17.6079)

[node name="@Node3D@33" type="Node3D" parent="." instance=ExtResource("1_je06k")]
transform = Transform3D(-0.945776, 0, 0.324819, 0, 1, 0, -0.324819, 0, -0.945776, -1.58567, 0.197696, 17.8811)

[node name="@Node3D@34" type="Node3D" parent="." instance=ExtResource("1_je06k")]
transform = Transform3D(-0.986768, 0, 0.162139, 0, 1, 0, -0.162139, 0, -0.986768, -1.65118, 0.197696, 18.175)

[node name="@Node3D@35" type="Node3D" parent="." instance=ExtResource("1_je06k")]
transform = Transform3D(-0.996803, 0, 0.0798948, 0, 1, 0, -0.0798948, 0, -0.996803, -1.68398, 0.197696, 18.4794)

[node name="@Node3D@36" type="Node3D" parent="." instance=ExtResource("1_je06k")]
transform = Transform3D(-0.999216, 0, 0.0395916, 0, 1, 0, -0.0395916, 0, -0.999216, -1.7004, 0.197696, 18.7891)

[node name="@Node3D@37" type="Node3D" parent="." instance=ExtResource("1_je06k")]
transform = Transform3D(-0.999011, 0, 0.044472, 0, 1, 0, -0.044472, 0, -0.999011, -1.70863, 0.197696, 19.1014)

[node name="@Node3D@38" type="Node3D" parent="." instance=ExtResource("1_je06k")]
transform = Transform3D(-0.998147, 0, 0.0608527, 0, 1, 0, -0.0608527, 0, -0.998147, -1.72815, 0.197696, 19.4124)

[node name="@Node3D@39" type="Node3D" parent="." instance=ExtResource("1_je06k")]
transform = Transform3D(-0.998105, 8.22316e-05, 0.0615326, 0, 0.999999, -0.00133639, -0.0615326, -0.00133386, -0.998104, -1.74657, 0.197696, 19.7238)

[node name="@Node3D@40" type="Node3D" parent="." instance=ExtResource("1_je06k")]
transform = Transform3D(-0.992386, 0.000166907, 0.123164, 0, 0.999999, -0.00135516, -0.123164, -0.00134484, -0.992385, -1.76643, 0.198527, 20.0333)

[node name="@Node3D@41" type="Node3D" parent="." instance=ExtResource("1_je06k")]
transform = Transform3D(-0.990056, 0, 0.140674, 0, 1, 0, -0.140674, 0, -0.990056, -1.82214, 0.198527, 20.3327)

[node name="@Node3D@42" type="Node3D" parent="." instance=ExtResource("1_je06k")]
transform = Transform3D(-0.996854, -1.24984e-05, 0.079266, 0, 1, 0.000157677, -0.079266, 0.000157181, -0.996854, -1.85255, 0.198527, 20.6394)

[node name="@Node3D@43" type="Node3D" parent="." instance=ExtResource("1_je06k")]
transform = Transform3D(-0.998581, -8.43654e-06, 0.0532467, 0, 1, 0.000158442, -0.0532467, 0.000158218, -0.998581, -1.87107, 0.19843, 20.9481)

[node name="@Node3D@44" type="Node3D" parent="." instance=ExtResource("1_je06k")]
transform = Transform3D(-0.359533, 0.00461885, -0.933121, 0, 0.999988, 0.00494983, 0.933132, 0.00177963, -0.359529, -1.88526, 0.19843, 21.2529)

[node name="@Node3D@45" type="Node3D" parent="." instance=ExtResource("1_je06k")]
transform = Transform3D(0.942727, 0.000558936, -0.333566, 0, 0.999999, 0.00167564, 0.333567, -0.00157967, 0.942725, -1.68826, 0.19746, 21.0185)

[node name="@Node3D@46" type="Node3D" parent="." instance=ExtResource("1_je06k")]
transform = Transform3D(0.999996, -6.10082e-06, -0.0029273, 0, 0.999998, -0.00208411, 0.00292731, 0.0020841, 0.999994, -1.69222, 0.19746, 20.7073)

[node name="@Node3D@47" type="Node3D" parent="." instance=ExtResource("1_je06k")]
transform = Transform3D(0.990851, -0.000285748, -0.134957, 0, 0.999998, -0.00211732, 0.134957, 0.00209795, 0.990849, -1.68644, 0.198757, 20.3961)

[node name="@Node3D@48" type="Node3D" parent="." instance=ExtResource("1_je06k")]
transform = Transform3D(0.9214, 0, -0.388616, 0, 1, 0, 0.388616, 0, 0.9214, -1.60953, 0.198757, 20.1003)

[node name="@Node3D@49" type="Node3D" parent="." instance=ExtResource("1_je06k")]
transform = Transform3D(0.822076, 0, -0.569378, 0, 1, 0, 0.569378, 0, 0.822076, -1.44977, 0.198757, 19.835)

[node name="@Node3D@50" type="Node3D" parent="." instance=ExtResource("1_je06k")]
transform = Transform3D(0.743887, 0, -0.668305, 0, 1, 0, 0.668305, 0, 0.743887, -1.26241, 0.198757, 19.5991)

[node name="@Node3D@51" type="Node3D" parent="." instance=ExtResource("1_je06k")]
transform = Transform3D(0.565122, 0.000594216, -0.825007, 0, 1, 0.000720255, 0.825007, -0.000407032, 0.565122, -1.04765, 0.198757, 19.3874)

[node name="@Node3D@52" type="Node3D" parent="." instance=ExtResource("1_je06k")]
transform = Transform3D(0.305124, 0.000669831, -0.952312, 0, 1, 0.000703373, 0.952313, -0.000214616, 0.305124, -0.771116, 0.198329, 19.2625)

[node name="@Node3D@53" type="Node3D" parent="." instance=ExtResource("1_je06k")]
transform = Transform3D(0.0967697, 0, -0.995307, 0, 1, 0, 0.995307, 0, 0.0967697, -0.466932, 0.198329, 19.2013)

[node name="@Node3D@54" type="Node3D" parent="." instance=ExtResource("1_je06k")]
transform = Transform3D(-0.0108962, 0, -0.999941, 0, 1, 0, 0.999941, 0, -0.0108962, -0.153237, 0.198329, 19.2025)

[node name="@Node3D@55" type="Node3D" parent="." instance=ExtResource("1_je06k")]
transform = Transform3D(-0.0727432, -0.00262783, -0.997347, 0, 0.999997, -0.00263481, 0.997351, -0.000191664, -0.0727429, 0.151125, 0.198329, 19.208)

[node name="@Node3D@56" type="Node3D" parent="." instance=ExtResource("1_je06k")]
transform = Transform3D(-0.107203, -0.00261598, -0.994234, 0, 0.999997, -0.00263114, 0.994237, -0.000282065, -0.107202, 0.451108, 0.199925, 19.2465)

[node name="@Node3D@57" type="Node3D" parent="." instance=ExtResource("1_je06k")]
transform = Transform3D(-0.0648962, 0, -0.997892, 0, 1, 0, 0.997892, 0, -0.0648962, 0.754425, 0.199925, 19.2731)

[node name="@Node3D@58" type="Node3D" parent="." instance=ExtResource("1_je06k")]
transform = Transform3D(-0.0320466, 0, -0.999486, 0, 1, 0, 0.999486, 0, -0.0320466, 1.06355, 0.199925, 19.2864)

[node name="@Node3D@59" type="Node3D" parent="." instance=ExtResource("1_je06k")]
transform = Transform3D(-0.0159053, 0, -0.999874, 0, 1, 0, 0.999874, 0, -0.0159053, 1.37559, 0.199925, 19.293)

[node name="@Node3D@60" type="Node3D" parent="." instance=ExtResource("1_je06k")]
transform = Transform3D(-0.00790294, 0, -0.999969, 0, 1, 0, 0.999969, 0, -0.00790294, 1.68909, 0.199925, 19.2963)

[node name="@Node3D@61" type="Node3D" parent="." instance=ExtResource("1_je06k")]
transform = Transform3D(-0.00488009, 0, -0.999988, 0, 1, 0, 0.999988, 0, -0.00488009, 2.00331, 0.199925, 19.298)

[node name="@Node3D@62" type="Node3D" parent="." instance=ExtResource("2_6mgqd")]
transform = Transform3D(0.972338, -0.00762281, -0.233452, 0, 0.999467, -0.0326352, 0.233576, 0.0317325, 0.971821, 2.66805, -0.02, 19.1435)

[node name="@Node3D@63" type="Node3D" parent="." instance=ExtResource("2_6mgqd")]
transform = Transform3D(0.983651, -0.00289903, -0.180064, 0, 0.99987, -0.0160979, 0.180087, 0.0158347, 0.983523, 2.73958, -0.0100006, 18.8457)

[node name="@Node3D@64" type="Node3D" parent="." instance=ExtResource("2_6mgqd")]
transform = Transform3D(0.968545, 0, -0.248839, 0, 1, 0, 0.248839, 0, 0.968545, 2.7799, -0.0100006, 18.5326)

[node name="@Node3D@65" type="Node3D" parent="." instance=ExtResource("2_6mgqd")]
transform = Transform3D(0.919052, 0, -0.394137, 0, 1, 0, 0.394137, 0, 0.919052, 2.89359, -0.0100006, 18.2463)

[node name="@Node3D@66" type="Node3D" parent="." instance=ExtResource("2_6mgqd")]
transform = Transform3D(0.943631, 0, -0.330999, 0, 1, 0, 0.330999, 0, 0.943631, 3.02492, -0.0100006, 17.9612)

[node name="@Node3D@67" type="Node3D" parent="." instance=ExtResource("2_6mgqd")]
transform = Transform3D(0.955338, 0, -0.295515, 0, 1, 0, 0.295515, 0, 0.955338, 3.10186, -0.0100006, 17.6526)

[node name="@Node3D@68" type="Node3D" parent="." instance=ExtResource("2_6mgqd")]
transform = Transform3D(0.886978, 0, -0.461812, 0, 1, 0, 0.461812, 0, 0.886978, 3.21029, -0.0100006, 17.362)

[node name="@Node3D@69" type="Node3D" parent="." instance=ExtResource("2_6mgqd")]
transform = Transform3D(0.192916, 0, -0.981215, 0, 1, 0, 0.981215, 0, 0.192916, 3.38465, -0.0100006, 17.1094)

[node name="@Node3D@70" type="Node3D" parent="." instance=ExtResource("1_je06k")]
transform = Transform3D(-0.94129, 0.00295455, -0.337587, 0, 0.999962, 0.00875161, 0.3376, 0.0082378, -0.941253, 3.96301, 0.2, 17.3368)

[node name="@Node3D@71" type="Node3D" parent="." instance=ExtResource("1_je06k")]
transform = Transform3D(-0.877878, 0.0021382, -0.478879, 0, 0.99999, 0.00446496, 0.478884, 0.00391969, -0.877869, 4.06802, 0.197278, 17.6296)

[node name="@Node3D@72" type="Node3D" parent="." instance=ExtResource("1_je06k")]
transform = Transform3D(-0.827788, 0, -0.561041, 0, 1, 0, 0.561041, 0, -0.827788, 4.25498, 0.197278, 17.872)

[node name="@Node3D@73" type="Node3D" parent="." instance=ExtResource("1_je06k")]
transform = Transform3D(-0.870596, 0, -0.491999, 0, 1, 0, 0.491999, 0, -0.870596, 4.41538, 0.197278, 18.1421)

[node name="@Node3D@74" type="Node3D" parent="." instance=ExtResource("1_je06k")]
transform = Transform3D(-0.885217, 0, -0.465178, 0, 1, 0, 0.465178, 0, -0.885217, 4.56229, 0.197278, 18.4158)

[node name="@Node3D@75" type="Node3D" parent="." instance=ExtResource("1_je06k")]
transform = Transform3D(-0.926934, 0, -0.375224, 0, 1, 0, 0.375224, 0, -0.926934, 4.7066, 0.197278, 18.6963)

[node name="@Node3D@76" type="Node3D" parent="." instance=ExtResource("1_je06k")]
transform = Transform3D(-0.956259, 0, -0.292523, 0, 1, 0, 0.292523, 0, -0.956259, 4.79833, 0.197278, 18.9989)

[node name="@Node3D@77" type="Node3D" parent="." instance=ExtResource("1_je06k")]
transform = Transform3D(-0.974946, 0, -0.222444, 0, 1, 0, 0.222444, 0, -0.974946, 4.88688, 0.197278, 19.2856)

[node name="@Node3D@78" type="Node3D" parent="." instance=ExtResource("1_je06k")]
transform = Transform3D(-0.98727, 0, -0.159054, 0, 1, 0, 0.159054, 0, -0.98727, 4.93234, 0.197278, 19.5863)

[node name="@Node3D@79" type="Node3D" parent="." instance=ExtResource("1_je06k")]
transform = Transform3D(-0.990939, 0, -0.13431, 0, 1, 0, 0.13431, 0, -0.990939, 4.98394, 0.197278, 19.8881)

[node name="@Node3D@80" type="Node3D" parent="." instance=ExtResource("1_je06k")]
transform = Transform3D(-0.994079, 0, -0.108655, 0, 1, 0, 0.108655, 0, -0.994079, 5.01491, 0.197278, 20.1955)

[node name="@Node3D@81" type="Node3D" parent="." instance=ExtResource("1_je06k")]
transform = Transform3D(-0.991405, 0, -0.130828, 0, 1, 0, 0.130828, 0, -0.991405, 5.051, 0.197278, 20.5016)

[node name="@Node3D@82" type="Node3D" parent="." instance=ExtResource("1_je06k")]
transform = Transform3D(-0.975248, 0, -0.221114, 0, 1, 0, 0.221114, 0, -0.975248, 5.09548, 0.197278, 20.806)

[node name="@Node3D@83" type="Node3D" parent="." instance=ExtResource("1_je06k")]
transform = Transform3D(-0.922296, 0, -0.386485, 0, 1, 0, 0.386485, 0, -0.922296, 5.18896, 0.197278, 21.1101)

[node name="@Node3D@84" type="Node3D" parent="." instance=ExtResource("1_je06k")]
transform = Transform3D(-0.902565, -0.0008318, -0.430553, 0, 0.999998, -0.00193193, 0.430553, -0.00174369, -0.902563, 5.33644, 0.197278, 21.381)

[node name="@Node3D@85" type="Node3D" parent="." instance=ExtResource("1_je06k")]
transform = Transform3D(-0.525674, -0.00450682, -0.850674, 0, 0.999986, -0.00529787, 0.850686, -0.00278495, -0.525667, 5.45082, 0.198453, 21.659)

[node name="@Node3D@86" type="Node3D" parent="." instance=ExtResource("1_je06k")]
transform = Transform3D(0.312398, -0.00228499, -0.949948, 0, 0.999997, -0.00240537, 0.949951, 0.000751435, 0.312397, 5.75659, 0.199894, 21.6407)

[node name="@Node3D@87" type="Node3D" parent="." instance=ExtResource("1_je06k")]
transform = Transform3D(0.618369, 0, -0.785888, 0, 1, 0, 0.785888, 0, 0.618369, 6.02015, 0.199894, 21.4718)

[node name="@Node3D@88" type="Node3D" parent="." instance=ExtResource("1_je06k")]
transform = Transform3D(0.821829, 0, -0.569734, 0, 1, 0, 0.569734, 0, 0.821829, 6.24723, 0.199894, 21.2546)

[node name="@Node3D@89" type="Node3D" parent="." instance=ExtResource("1_je06k")]
transform = Transform3D(0.929468, 0, -0.368903, 0, 1, 0, 0.368903, 0, 0.929468, 6.36914, 0.199894, 20.9684)

[node name="@Node3D@90" type="Node3D" parent="." instance=ExtResource("1_je06k")]
transform = Transform3D(0.934573, 0, -0.35577, 0, 1, 0, 0.35577, 0, 0.934573, 6.47521, 0.199894, 20.6802)

[node name="@Node3D@91" type="Node3D" parent="." instance=ExtResource("1_je06k")]
transform = Transform3D(0.896674, 0, -0.442691, 0, 1, 0, 0.442691, 0, 0.896674, 6.59017, 0.199894, 20.3878)

[node name="@Node3D@92" type="Node3D" parent="." instance=ExtResource("1_je06k")]
transform = Transform3D(0.828539, 0, -0.559932, 0, 1, 0, 0.559932, 0, 0.828539, 6.75442, 0.199894, 20.1147)

[node name="@Node3D@93" type="Node3D" parent="." instance=ExtResource("1_je06k")]
transform = Transform3D(0.774929, 0, -0.632048, 0, 1, 0, 0.632048, 0, 0.774929, 6.93906, 0.199894, 19.8715)

[node name="@Node3D@94" type="Node3D" parent="." instance=ExtResource("1_je06k")]
transform = Transform3D(0.741595, 0, -0.670847, 0, 1, 0, 0.670847, 0, 0.741595, 7.14271, 0.199894, 19.6386)

[node name="@Node3D@95" type="Node3D" parent="." instance=ExtResource("1_je06k")]
transform = Transform3D(0.724498, 0, -0.689277, 0, 1, 0, 0.689277, 0, 0.724498, 7.35587, 0.199894, 19.4108)

[node name="@Node3D@96" type="Node3D" parent="." instance=ExtResource("1_je06k")]
transform = Transform3D(0.715856, 0, -0.698247, 0, 1, 0, 0.698247, 0, 0.715856, 7.5738, 0.199894, 19.1855)

[node name="@Node3D@97" type="Node3D" parent="." instance=ExtResource("1_je06k")]
transform = Transform3D(0.653194, 0, -0.75719, 0, 1, 0, 0.75719, 0, 0.653194, 7.79411, 0.199894, 18.9615)

[node name="@Node3D@98" type="Node3D" parent="." instance=ExtResource("1_je06k")]
transform = Transform3D(0.104079, 0, -0.994569, 0, 1, 0, 0.994569, 0, 0.104079, 8.04846, 0.199894, 18.776)

[node name="@Node3D@99" type="Node3D" parent="." instance=ExtResource("1_je06k")]
transform = Transform3D(-0.739861, 0, -0.67276, 0, 1, 0, 0.67276, 0, -0.739861, 8.32347, 0.199894, 18.9061)

[node name="@Node3D@100" type="Node3D" parent="." instance=ExtResource("1_je06k")]
transform = Transform3D(-0.927873, 0, -0.372896, 0, 1, 0, 0.372896, 0, -0.927873, 8.42458, 0.199894, 19.1896)

[node name="@Node3D@101" type="Node3D" parent="." instance=ExtResource("1_je06k")]
transform = Transform3D(-0.929407, 0, -0.369057, 0, 1, 0, 0.369057, 0, -0.929407, 8.55096, 0.199894, 19.4721)

[node name="@Node3D@102" type="Node3D" parent="." instance=ExtResource("1_je06k")]
transform = Transform3D(-0.949538, 0, -0.313651, 0, 1, 0, 0.313651, 0, -0.949538, 8.65187, 0.199894, 19.762)

[node name="@Node3D@103" type="Node3D" parent="." instance=ExtResource("1_je06k")]
transform = Transform3D(-0.951235, 0, -0.308467, 0, 1, 0, 0.308467, 0, -0.951235, 8.74603, 0.199894, 20.0627)

[node name="@Node3D@104" type="Node3D" parent="." instance=ExtResource("1_je06k")]
transform = Transform3D(-0.968754, 0, -0.248025, 0, 1, 0, 0.248025, 0, -0.968754, 8.84714, 0.199894, 20.3642)

[node name="@Node3D@105" type="Node3D" parent="." instance=ExtResource("1_je06k")]
transform = Transform3D(-0.974135, 0, -0.225969, 0, 1, 0, 0.225969, 0, -0.974135, 8.89969, 0.199894, 20.6629)

[node name="@Node3D@106" type="Node3D" parent="." instance=ExtResource("1_je06k")]
transform = Transform3D(-0.967156, 0, -0.254184, 0, 1, 0, 0.254184, 0, -0.967156, 8.98344, 0.199894, 20.9518)

[node name="@Node3D@107" type="Node3D" parent="." instance=ExtResource("1_je06k")]
transform = Transform3D(-0.965541, 0, -0.260251, 0, 1, 0, 0.260251, 0, -0.965541, 9.05301, 0.199894, 21.2462)

[node name="@Node3D@108" type="Node3D" parent="." instance=ExtResource("1_je06k")]
transform = Transform3D(-0.933171, 0, -0.359433, 0, 1, 0, 0.359433, 0, -0.933171, 9.14083, 0.199894, 21.5357)

[node name="@Node3D@109" type="Node3D" parent="." instance=ExtResource("1_je06k")]
transform = Transform3D(-0.779956, 0, -0.625834, 0, 1, 0, 0.625834, 0, -0.779956, 9.27244, 0.199894, 21.8159)

[node name="@Node3D@110" type="Node3D" parent="." instance=ExtResource("1_je06k")]
transform = Transform3D(-0.141793, 0, -0.989896, 0, 1, 0, 0.989896, 0, -0.141793, 9.51163, 0.199894, 21.9978)

[node name="@Node3D@111" type="Node3D" parent="." instance=ExtResource("1_je06k")]
transform = Transform3D(0.679009, 0, -0.73413, 0, 1, 0, 0.73413, 0, 0.679009, 9.79646, 0.199894, 21.891)

[node name="@Node3D@112" type="Node3D" parent="." instance=ExtResource("1_je06k")]
transform = Transform3D(0.919157, 0, -0.393892, 0, 1, 0, 0.393892, 0, 0.919157, 9.93177, 0.199894, 21.6092)

[node name="@Node3D@113" type="Node3D" parent="." instance=ExtResource("1_je06k")]
transform = Transform3D(0.947916, 0, -0.318522, 0, 1, 0, 0.318522, 0, 0.947916, 10.0408, 0.199894, 21.3208)

[node name="@Node3D@114" type="Node3D" parent="." instance=ExtResource("1_je06k")]
transform = Transform3D(0.963046, 0, -0.269336, 0, 1, 0, 0.269336, 0, 0.963046, 10.1277, 0.199894, 21.0262)

[node name="@Node3D@115" type="Node3D" parent="." instance=ExtResource("1_je06k")]
transform = Transform3D(0.93858, 0, -0.345061, 0, 1, 0, 0.345061, 0, 0.93858, 10.2085, 0.199894, 20.7213)

[node name="@Node3D@116" type="Node3D" parent="." instance=ExtResource("1_je06k")]
transform = Transform3D(0.902547, 0, -0.430591, 0, 1, 0, 0.430591, 0, 0.902547, 10.3416, 0.199894, 20.4442)

[node name="@Node3D@117" type="Node3D" parent="." instance=ExtResource("1_je06k")]
transform = Transform3D(0.917906, 0, -0.396797, 0, 1, 0, 0.396797, 0, 0.917906, 10.4777, 0.199894, 20.157)

[node name="@Node3D@118" type="Node3D" parent="." instance=ExtResource("1_je06k")]
transform = Transform3D(0.935725, 0, -0.352729, 0, 1, 0, 0.352729, 0, 0.935725, 10.5907, 0.199894, 19.868)

[node name="@Node3D@119" type="Node3D" parent="." instance=ExtResource("1_je06k")]
transform = Transform3D(0.957412, 0, -0.288725, 0, 1, 0, 0.288725, 0, 0.957412, 10.6987, 0.199894, 19.5707)

[node name="@Node3D@120" type="Node3D" parent="." instance=ExtResource("1_je06k")]
transform = Transform3D(0.959385, 0, -0.282102, 0, 1, 0, 0.282102, 0, 0.959385, 10.7686, 0.199894, 19.2781)

[node name="@Node3D@121" type="Node3D" parent="." instance=ExtResource("1_je06k")]
transform = Transform3D(0.915845, 0, -0.401532, 0, 1, 0, 0.401532, 0, 0.915845, 10.8682, 0.199894, 18.9941)

[node name="@Node3D@122" type="Node3D" parent="." instance=ExtResource("1_je06k")]
transform = Transform3D(0.846587, 0, -0.532251, 0, 1, 0, 0.532251, 0, 0.846587, 11.0095, 0.199894, 18.7286)

[node name="@Node3D@123" type="Node3D" parent="." instance=ExtResource("1_je06k")]
transform = Transform3D(0.805598, 0, -0.592463, 0, 1, 0, 0.592463, 0, 0.805598, 11.1905, 0.199894, 18.4816)

[node name="@Node3D@124" type="Node3D" parent="." instance=ExtResource("2_6mgqd")]
transform = Transform3D(0.646484, -0.0251707, -0.762512, 0, 0.999456, -0.0329922, 0.762927, 0.021329, 0.646132, 11.7711, -0.02, 18.2086)

[node name="@Node3D@125" type="Node3D" parent="." instance=ExtResource("2_6mgqd")]
transform = Transform3D(0.478959, -0.0145782, -0.877716, 0, 0.999862, -0.0166069, 0.877837, 0.00795403, 0.478893, 12.0022, -0.0100006, 18.0128)

[node name="@Node3D@126" type="Node3D" parent="." instance=ExtResource("2_6mgqd")]
transform = Transform3D(0.294884, 0, -0.955533, 0, 1, 0, 0.955533, 0, 0.294884, 12.2996, -0.0100006, 17.9202)

[node name="@Node3D@127" type="Node3D" parent="." instance=ExtResource("2_6mgqd")]
transform = Transform3D(0.309483, 0, -0.950905, 0, 1, 0, 0.950905, 0, 0.309483, 12.5999, -0.0100006, 17.8283)

[node name="@Node3D@128" type="Node3D" parent="." instance=ExtResource("2_6mgqd")]
transform = Transform3D(0.409845, 0, -0.912155, 0, 1, 0, 0.912155, 0, 0.409845, 12.8873, -0.0100006, 17.729)

[node name="@Node3D@129" type="Node3D" parent="." instance=ExtResource("2_6mgqd")]
transform = Transform3D(0.532501, 0, -0.846429, 0, 1, 0, 0.846429, 0, 0.532501, 13.1624, -0.0100006, 17.5756)

[node name="@Node3D@130" type="Node3D" parent="." instance=ExtResource("2_6mgqd")]
transform = Transform3D(0.623831, 0, -0.781559, 0, 1, 0, 0.781559, 0, 0.623831, 13.4129, -0.0100006, 17.3983)

[node name="@Node3D@131" type="Node3D" parent="." instance=ExtResource("2_6mgqd")]
transform = Transform3D(0.759734, 0, -0.650234, 0, 1, 0, 0.650234, 0, 0.759734, 13.644, -0.0100006, 17.1911)

[node name="@Node3D@132" type="Node3D" parent="." instance=ExtResource("2_6mgqd")]
transform = Transform3D(0.868017, -6.20577e-06, -0.496535, 0, 1, -1.24982e-05, 0.496535, 1.08486e-05, 0.868017, 13.8148, -0.0100006, 16.9287)

[node name="@Node3D@133" type="Node3D" parent="." instance=ExtResource("1_je06k")]
transform = Transform3D(-0.0672505, 0.00885203, -0.997697, 0, 0.999961, 0.00887211, 0.997736, 0.000596654, -0.0672479, 13.7097, 0.2, 16.3714)

[node name="@Node3D@134" type="Node3D" parent="." instance=ExtResource("1_je06k")]
transform = Transform3D(-0.184745, 0.00436941, -0.982777, 0, 0.99999, 0.00444594, 0.982787, 0.000821364, -0.184743, 14.0158, 0.197278, 16.392)

[node name="@Node3D@135" type="Node3D" parent="." instance=ExtResource("1_je06k")]
transform = Transform3D(-0.209185, 0, -0.977876, 0, 1, 0, 0.977876, 0, -0.209185, 14.3115, 0.197278, 16.4845)

[node name="@Node3D@136" type="Node3D" parent="." instance=ExtResource("1_je06k")]
transform = Transform3D(-0.124533, 0, -0.992216, 0, 1, 0, 0.992216, 0, -0.124533, 14.6269, 0.197278, 16.5228)

[node name="@Node3D@137" type="Node3D" parent="." instance=ExtResource("1_je06k")]
transform = Transform3D(-0.216963, 0, -0.97618, 0, 1, 0, 0.97618, 0, -0.216963, 14.9375, 0.197278, 16.5631)

[node name="@Node3D@138" type="Node3D" parent="." instance=ExtResource("1_je06k")]
transform = Transform3D(-0.344415, 0, -0.938817, 0, 1, 0, 0.938817, 0, -0.344415, 15.2381, 0.197278, 16.6586)

[node name="@Node3D@139" type="Node3D" parent="." instance=ExtResource("1_je06k")]
transform = Transform3D(-0.389398, -0.00178559, -0.921068, 0, 0.999998, -0.0019386, 0.92107, -0.000754888, -0.389397, 15.5164, 0.197278, 16.7755)

[node name="@Node3D@140" type="Node3D" parent="." instance=ExtResource("1_je06k")]
transform = Transform3D(-0.432784, -0.00170753, -0.901496, 0, 0.999998, -0.00189411, 0.901498, -0.000819738, -0.432783, 15.795, 0.19845, 16.894)

[node name="@Node3D@141" type="Node3D" parent="." instance=ExtResource("1_je06k")]
transform = Transform3D(-0.53333, -0.000703951, -0.845907, 0, 1, -0.000832184, 0.845907, -0.000443829, -0.53333, 16.0743, 0.19845, 17.0433)

[node name="@Node3D@142" type="Node3D" parent="." instance=ExtResource("1_je06k")]
transform = Transform3D(-0.702689, -0.000609173, -0.711497, 0, 1, -0.000856185, 0.711497, -0.000601631, -0.702689, 16.3153, 0.198962, 17.2221)

[node name="@Node3D@143" type="Node3D" parent="." instance=ExtResource("1_je06k")]
transform = Transform3D(-0.889012, 0, -0.457885, 0, 1, 0, 0.457885, 0, -0.889012, 16.4997, 0.198962, 17.4634)

[node name="@Node3D@144" type="Node3D" parent="." instance=ExtResource("1_je06k")]
transform = Transform3D(-0.98075, 0.000335335, -0.195269, 0, 0.999999, 0.0017173, 0.195269, 0.00168424, -0.980748, 16.5889, 0.198962, 17.7533)

[node name="@Node3D@145" type="Node3D" parent="." instance=ExtResource("1_je06k")]
transform = Transform3D(-0.99836, 9.81164e-05, -0.0572471, 0, 0.999999, 0.00171391, 0.0572472, 0.0017111, -0.998359, 16.6192, 0.197911, 18.0635)

[node name="@Node3D@146" type="Node3D" parent="." instance=ExtResource("1_je06k")]
transform = Transform3D(-0.999822, 0, -0.0188794, 0, 1, 0, 0.0188794, 0, -0.999822, 16.624, 0.197911, 18.3653)

[node name="@Node3D@147" type="Node3D" parent="." instance=ExtResource("1_je06k")]
transform = Transform3D(-0.996723, 0, -0.0808934, 0, 1, 0, 0.0808934, 0, -0.996723, 16.6307, 0.197911, 18.6729)

[node name="@Node3D@148" type="Node3D" parent="." instance=ExtResource("1_je06k")]
transform = Transform3D(-0.998056, -0.000183367, -0.0623155, 0, 0.999996, -0.00294255, 0.0623157, -0.00293683, -0.998052, 16.6734, 0.197911, 18.9743)

[node name="@Node3D@149" type="Node3D" parent="." instance=ExtResource("1_je06k")]
transform = Transform3D(-0.994659, 0.000288107, 0.103213, 0, 0.999996, -0.00279139, -0.103213, -0.00277648, -0.994655, 16.6686, 0.199701, 19.2799)

[node name="@Node3D@150" type="Node3D" parent="." instance=ExtResource("1_je06k")]
transform = Transform3D(-0.987071, -2.35755e-05, 0.160284, 0, 1, 0.000147086, -0.160284, 0.000145184, -0.987071, 16.6106, 0.199611, 19.5798)

[node name="@Node3D@151" type="Node3D" parent="." instance=ExtResource("1_je06k")]
transform = Transform3D(-0.984263, 0, 0.176709, 0, 1, 0, -0.176709, 0, -0.984263, 16.5703, 0.199611, 19.8849)

[node name="@Node3D@152" type="Node3D" parent="." instance=ExtResource("1_je06k")]
transform = Transform3D(-0.973871, 0, 0.227104, 0, 1, 0, -0.227104, 0, -0.973871, 16.5025, 0.199611, 20.1815)

[node name="@Node3D@153" type="Node3D" parent="." instance=ExtResource("1_je06k")]
transform = Transform3D(-0.982868, 0, 0.184309, 0, 1, 0, -0.184309, 0, -0.982868, 16.4317, 0.199611, 20.4793)

[node name="@Node3D@154" type="Node3D" parent="." instance=ExtResource("1_je06k")]
transform = Transform3D(-0.985828, 0, 0.167757, 0, 1, 0, -0.167757, 0, -0.985828, 16.3895, 0.199611, 20.7842)

[node name="@Node3D@155" type="Node3D" parent="." instance=ExtResource("1_je06k")]
transform = Transform3D(-0.948026, -0.000781907, 0.318192, 0, 0.999997, 0.00245734, -0.318193, 0.00232962, -0.948023, 16.3293, 0.199611, 21.0814)

[node name="@Node3D@156" type="Node3D" parent="." instance=ExtResource("1_je06k")]
transform = Transform3D(-0.852048, -0.00127133, 0.523463, 0, 0.999997, 0.00242869, -0.523464, 0.00206936, -0.852045, 16.1936, 0.198098, 21.3679)

[node name="@Node3D@157" type="Node3D" parent="." instance=ExtResource("1_je06k")]
transform = Transform3D(-0.712812, 0, 0.701356, 0, 1, 0, -0.701356, 0, -0.712812, 16.0032, 0.198098, 21.6121)

[node name="@Node3D@158" type="Node3D" parent="." instance=ExtResource("1_je06k")]
transform = Transform3D(-0.639187, -0.00116445, 0.76905, 0, 0.999999, 0.00151413, -0.769051, 0.000967815, -0.639186, 15.7634, 0.198098, 21.8051)

[node name="@Node3D@159" type="Node3D" parent="." instance=ExtResource("1_je06k")]
transform = Transform3D(-0.540145, -0.00129505, 0.841571, 0, 0.999999, 0.00153885, -0.841572, 0.000831203, -0.540144, 15.5263, 0.197159, 22.0085)

[node name="@Node3D@160" type="Node3D" parent="." instance=ExtResource("1_je06k")]
transform = Transform3D(-0.166175, 0, 0.986096, 0, 1, 0, -0.986096, 0, -0.166175, 15.2499, 0.197159, 22.1347)

[node name="@Node3D@161" type="Node3D" parent="." instance=ExtResource("1_je06k")]
transform = Transform3D(0.267869, 0, 0.963455, 0, 1, 0, -0.963455, 0, 0.267869, 14.9401, 0.197159, 22.1073)

[node name="@Node3D@162" type="Node3D" parent="." instance=ExtResource("1_je06k")]
transform = Transform3D(0.382895, 0.00216105, 0.923789, 0, 0.999997, -0.00233933, -0.923792, 0.000895718, 0.382894, 14.6623, 0.197159, 21.9713)

[node name="@Node3D@163" type="Node3D" parent="." instance=ExtResource("1_je06k")]
transform = Transform3D(0.424144, 0.00215083, 0.905592, 0, 0.999997, -0.00237505, -0.905595, 0.00100736, 0.424143, 14.3675, 0.198609, 21.8699)

[node name="@Node3D@164" type="Node3D" parent="." instance=ExtResource("1_je06k")]
transform = Transform3D(0.57655, 0, 0.817062, 0, 1, 0, -0.817062, 0, 0.57655, 14.1094, 0.198609, 21.7124)

[node name="@Node3D@165" type="Node3D" parent="." instance=ExtResource("1_je06k")]
transform = Transform3D(0.64845, 0, 0.761258, 0, 1, 0, -0.761258, 0, 0.64845, 13.8625, 0.198609, 21.5136)

[node name="@Node3D@166" type="Node3D" parent="." instance=ExtResource("1_je06k")]
transform = Transform3D(0.70757, -0.000945545, 0.706643, 0, 0.999999, 0.00133808, -0.706643, -0.000946784, 0.707569, 13.6351, 0.198609, 21.3083)

[node name="@Node3D@167" type="Node3D" parent="." instance=ExtResource("1_je06k")]
transform = Transform3D(0.883913, -0.000642698, 0.467651, 0, 0.999999, 0.00137431, -0.467651, -0.00121477, 0.883912, 13.4231, 0.197777, 21.0737)

[node name="@Node3D@168" type="Node3D" parent="." instance=ExtResource("1_je06k")]
transform = Transform3D(0.99958, 0, 0.0289819, 0, 1, 0, -0.0289819, 0, 0.99958, 13.352, 0.197777, 20.7732)

[node name="@Node3D@169" type="Node3D" parent="." instance=ExtResource("1_je06k")]
transform = Transform3D(0.9804, 0, -0.197015, 0, 1, 0, 0.197015, 0, 0.9804, 13.4058, 0.197777, 20.4763)

[node name="@Node3D@170" type="Node3D" parent="." instance=ExtResource("1_je06k")]
transform = Transform3D(0.975302, 0, -0.220877, 0, 1, 0, 0.220877, 0, 0.975302, 13.4712, 0.197777, 20.1797)

[node name="@Node3D@171" type="Node3D" parent="." instance=ExtResource("1_je06k")]
transform = Transform3D(0.930067, 0, -0.367391, 0, 1, 0, 0.367391, 0, 0.930067, 13.5418, 0.197777, 19.8761)

[node name="@Node3D@172" type="Node3D" parent="." instance=ExtResource("1_je06k")]
transform = Transform3D(0.732084, 0.000825137, -0.681213, 0, 0.999999, 0.00121128, 0.681214, -0.000886756, 0.732084, 13.697, 0.197777, 19.6082)

[node name="@Node3D@173" type="Node3D" parent="." instance=ExtResource("1_je06k")]
transform = Transform3D(0.394054, 0.00112003, -0.919087, 0, 0.999999, 0.00121863, 0.919087, -0.000480206, 0.394054, 13.957, 0.197039, 19.4299)

[node name="@Node3D@174" type="Node3D" parent="." instance=ExtResource("1_je06k")]
transform = Transform3D(0.0396204, -0.00288086, -0.999211, 0, 0.999996, -0.00288313, 0.999215, 0.00011423, 0.0396202, 14.2538, 0.197039, 19.3695)

[node name="@Node3D@175" type="Node3D" parent="." instance=ExtResource("1_je06k")]
transform = Transform3D(-0.0897537, -0.00407903, -0.995956, 0, 0.999992, -0.00409556, 0.995964, -0.000367592, -0.089753, 14.5563, 0.198768, 19.4061)

[node name="@Node3D@176" type="Node3D" parent="." instance=ExtResource("1_je06k")]
transform = Transform3D(-0.037337, -0.00124595, -0.999302, 0, 0.999999, -0.00124682, 0.999303, -4.65524e-05, -0.037337, 14.8642, 0.199548, 19.4245)

[node name="@Node3D@177" type="Node3D" parent="." instance=ExtResource("1_je06k")]
transform = Transform3D(-0.011675, 0, -0.999932, 0, 1, 0, 0.999932, 0, -0.011675, 15.1818, 0.199548, 19.4295)

[node name="@Node3D@178" type="Node3D" parent="." instance=ExtResource("1_je06k")]
transform = Transform3D(-0.00555636, 0, -0.999985, 0, 1, 0, 0.999985, 0, -0.00555636, 15.489, 0.199548, 19.4318)

[node name="@Node3D@179" type="Node3D" parent="." instance=ExtResource("1_je06k")]
transform = Transform3D(0.0205258, 0, -0.999789, 0, 1, 0, 0.999789, 0, 0.0205258, 15.8001, 0.199548, 19.4329)

[node name="@Node3D@180" type="Node3D" parent="." instance=ExtResource("1_je06k")]
transform = Transform3D(0.085049, 0, -0.996377, 0, 1, 0, 0.996377, 0, 0.085049, 16.1096, 0.199548, 19.4191)

[node name="@Node3D@181" type="Node3D" parent="." instance=ExtResource("1_je06k")]
transform = Transform3D(0.0663121, 0.00235385, -0.997796, 0, 0.999997, 0.00235905, 0.997799, -0.000156433, 0.0663119, 16.4143, 0.199548, 19.3805)

[node name="@Node3D@182" type="Node3D" parent="." instance=ExtResource("1_je06k")]
transform = Transform3D(-0.0422254, 0.0023696, -0.999105, 0, 0.999997, 0.00237172, 0.999108, 0.000100147, -0.0422252, 16.7195, 0.198106, 19.3785)

[node name="@Node3D@183" type="Node3D" parent="." instance=ExtResource("1_je06k")]
transform = Transform3D(-0.0876566, 0, -0.996151, 0, 1, 0, 0.996151, 0, -0.0876566, 17.0217, 0.198106, 19.4062)

[node name="@Node3D@184" type="Node3D" parent="." instance=ExtResource("2_6mgqd")]
transform = Transform3D(0.490703, -0.0280237, -0.870876, 0, 0.999483, -0.0321621, 0.871327, 0.0157821, 0.490449, 17.8704, -0.02, 19.4499)

[node name="@Node3D@185" type="Node3D" parent="." instance=ExtResource("2_6mgqd")]
transform = Transform3D(0.819515, -0.0102776, -0.572966, 0, 0.999839, -0.0179347, 0.573058, 0.0146978, 0.819383, 18.1412, -0.0100006, 19.2974)

[node name="@Node3D@186" type="Node3D" parent="." instance=ExtResource("2_6mgqd")]
transform = Transform3D(0.999021, 0, 0.0442313, 0, 1, 0, -0.0442313, 0, 0.999021, 18.1899, -0.0100006, 18.9931)

[node name="@Node3D@187" type="Node3D" parent="." instance=ExtResource("2_6mgqd")]
transform = Transform3D(0.967755, 0, 0.251894, 0, 1, 0, -0.251894, 0, 0.967755, 18.1147, -0.0100006, 18.7005)

[node name="@Node3D@188" type="Node3D" parent="." instance=ExtResource("2_6mgqd")]
transform = Transform3D(0.997696, 0, 0.0678443, 0, 1, 0, -0.0678443, 0, 0.997696, 18.0371, -0.0100006, 18.4062)

[node name="@Node3D@189" type="Node3D" parent="." instance=ExtResource("2_6mgqd")]
transform = Transform3D(0.914989, 0, -0.403479, 0, 1, 0, 0.403479, 0, 0.914989, 18.0739, -0.0100006, 18.0998)

[node name="@Node3D@190" type="Node3D" parent="." instance=ExtResource("2_6mgqd")]
transform = Transform3D(0.644644, 0, -0.764483, 0, 1, 0, 0.764483, 0, 0.644644, 18.2723, -0.0100006, 17.8728)

[node name="@Node3D@191" type="Node3D" parent="." instance=ExtResource("1_je06k")]
transform = Transform3D(-0.947145, 0.00280436, -0.320795, 0, 0.999962, 0.00874158, 0.320807, 0.00827954, -0.947109, 18.9202, 0.2, 17.628)

[node name="@Node3D@192" type="Node3D" parent="." instance=ExtResource("1_je06k")]
transform = Transform3D(-0.884807, 0.00208306, -0.465954, 0, 0.99999, 0.00447049, 0.465958, 0.00395552, -0.884798, 19.0201, 0.197278, 17.9229)

[node name="@Node3D@193" type="Node3D" parent="." instance=ExtResource("1_je06k")]
transform = Transform3D(-0.829371, -0.00227906, -0.558693, 0, 0.999992, -0.00407923, 0.558698, -0.00338319, -0.829364, 19.2039, 0.197278, 18.1668)

[node name="@Node3D@194" type="Node3D" parent="." instance=ExtResource("1_je06k")]
transform = Transform3D(-0.902815, -0.00169681, -0.430027, 0, 0.999992, -0.0039458, 0.43003, -0.00356233, -0.902808, 19.3657, 0.199801, 18.436)

[node name="@Node3D@195" type="Node3D" parent="." instance=ExtResource("1_je06k")]
